1 177537
2 177546
3 177627
4 177615
5 177531
6 177523
7 177602
8 177601
9 177610
10 177523
11 177507
12 177604
13 177607
14 177524
15 177523
16 177521
17 177619
18 177621
19 177550
20 177543
21 177615
22 177620
23 177544
24 177544
25 177540
26 177639
27 177632
28 177536
29 177549
30 177625
31 177638
32 177629
33 177546
34 177551
35 177638
36 177659
37 177585
38 177579
39 177651
40 177658
41 177683
42 244833
43 244817
44 177576
45 177610
46 177382
47 177443
48 262576
49 244936
50 262347
51 177574
52 177564
53 177481
54 177552
55 177625
56 177537
57 177540
58 177623
59 177594
60 177515
61 177514
62 112809
63 177475
64 177471
65 177445
66 177443
67 177614
68 177628
69 177541
70 177532
71 177603
72 177630
73 177628
74 177545
75 177535
76 177615
77 177611
78 177524
79 177528
80 177531
81 177625
82 177619
83 177554
84 177541
85 177624
86 177628
87 177625
88 177538
89 177530
90 177617
91 177611
92 177540
93 177535
94 177628
95 177615
96 177625
97 177537
98 177540
99 177625
100 177620
