1 177584
2 177523
3 177620
4 177613
5 177619
6 177545
7 177539
8 177616
9 177627
10 177529
11 177534
12 177548
13 177624
14 177628
15 177544
16 177557
17 177621
18 177630
19 177536
20 177558
21 177561
22 177636
23 177629
24 177533
25 177548
26 177623
27 177649
28 177645
29 177576
30 177573
31 177654
32 177654
33 177565
34 244813
35 194982
36 177567
37 177597
38 244918
39 177448
40 245137
41 245132
42 244795
43 244804
44 262373
45 244915
46 262451
47 177540
48 177554
49 177490
50 177572
51 177597
52 177714
53 177532
54 177625
55 177628
56 177545
57 177536
58 177552
59 177620
60 177626
61 177544
62 177549
63 177633
64 177637
65 177538
66 177484
67 177538
68 177627
69 177620
70 177537
71 177539
72 177627
73 177622
74 177543
75 177543
76 177538
77 177621
78 177630
79 177533
80 177535
81 177610
82 177620
83 177618
84 177540
85 177536
86 177615
87 177620
88 177525
89 177530
90 177606
91 177627
92 177614
93 177532
94 177540
95 177629
96 177626
97 177546
98 177536
99 177541
100 177626
