1 177540
2 177617
3 177612
4 177522
5 177520
6 177537
7 177625
8 177632
9 177549
10 177548
11 177635
12 177631
13 177541
14 177540
15 177531
16 177631
17 177618
18 177541
19 177539
20 177624
21 177630
22 177626
23 177536
24 177533
25 177620
26 177636
27 177546
28 177546
29 177651
30 177643
31 177671
32 177594
33 177578
34 177654
35 177671
36 177587
37 177625
38 177628
39 177728
40 177607
41 177355
42 245008
43 245210
44 244973
45 179719
46 244754
47 177551
48 177474
49 177468
50 177638
51 177446
52 177622
53 177633
54 177636
55 177551
56 177552
57 177633
58 177634
59 177549
60 177536
61 177625
62 177625
63 177623
64 177550
65 177547
66 177630
67 177621
68 177539
69 177537
70 177527
71 177629
72 177653
73 177541
74 177541
75 177621
76 177613
77 177538
78 177545
79 177542
80 177620
81 177624
82 177539
83 177547
84 177633
85 177624
86 177625
87 177542
88 177542
89 177642
90 177616
91 177538
92 177534
93 177534
94 177616
95 177620
96 177541
97 177478
98 177626
99 177606
100 177537
