1 177737
2 177616
3 177540
4 177535
5 177531
6 177610
7 177621
8 177541
9 177551
10 177624
11 177638
12 177539
13 177537
14 177535
15 177627
16 177622
17 177546
18 177526
19 177613
20 177597
21 177632
22 177546
23 177543
24 177614
25 177628
26 177537
27 177538
28 177625
29 177626
30 177635
31 177546
32 177555
33 177635
34 177667
35 177577
36 177581
37 177580
38 177685
39 177580
40 244840
41 244859
42 177618
43 177618
44 244868
45 179372
46 179383
47 245011
48 177473
49 179008
50 179005
51 177480
52 177476
53 177472
54 179351
55 178992
56 244661
57 245019
58 178995
59 178997
60 177391
61 177478
62 177467
63 177441
64 177444
65 177624
66 177627
67 177477
68 177539
69 177535
70 177621
71 177612
72 177536
73 177536
74 177615
75 177677
76 177616
77 177522
78 177529
79 177603
80 177604
81 177525
82 177536
83 177622
84 177627
85 177629
86 177539
87 177534
88 177616
89 177622
90 177531
91 177542
92 177541
93 177627
94 177619
95 177537
96 177529
97 177612
98 177620
99 177535
100 177494
