1 177645
2 177525
3 177603
4 177627
5 177548
6 177571
7 177571
8 177642
9 177600
10 177512
11 177371
12 177456
13 177470
14 177460
15 177471
16 177549
17 177637
18 177623
19 177534
20 177524
21 177593
22 177610
23 177626
24 177547
25 177557
26 177643
27 177645
28 177561
29 177538
30 177619
31 177635
32 177638
33 177565
34 177584
35 177656
36 177696
37 177632
38 177638
39 177686
40 177766
41 177624
42 177527
43 244637
44 244997
45 179451
46 179539
47 177563
48 177573
49 177492
50 177539
51 177637
52 177537
53 177635
54 177641
55 177640
56 177568
57 177569
58 177642
59 177627
60 177555
61 177550
62 177624
63 177620
64 177621
65 177535
66 177538
67 177622
68 177622
69 177534
70 177542
71 177534
72 177618
73 177619
74 177532
75 177545
76 177628
77 177631
78 177538
79 177534
80 177519
81 177621
82 177608
83 177530
84 177530
85 177615
86 177616
87 177621
88 177531
89 177538
90 177609
91 177614
92 177535
93 177536
94 177540
95 177621
96 177624
97 177532
98 177542
99 177615
100 177616
