» Y T 1 1
« Write OK
109557 
109436 
109448 
109448 
109443 
109446 
109434 
109439 
109424 
109442 
109439 
109441 
109446 
109449 
109447 
109451 
109478 
109452 
109433 
109436 
109437 
109438 
109436 
109424 
109429 
109430 
109430 
109433 
109426 
109423 
109422 
109417 
109434 
109385 
109434 
109420 
109412 
109416 
109401 
109413 
109414 
109412 
109399 
109395 
109398 
109391 
109412 
109406 
178277 
175585 
175585 
241751 
241663 
184900 
241863 
251066 
241760 
241783 
241941 
241844 
241891 
175464 
251151 
241518 
177927 
109474 
175400 
178347 
175530 
177927 
109438 
109440 
177926 
177927 
109441 
109432 
109446 
109426 
109435 
109439 
109440 
109433 
109431 
109444 
109442 
109442 
109441 
109449 
109427 
109426 
109440 
109433 
109440 
109435 
109449 
109444 
109440 
109447 
109438 
109443 
