» Y T 1 1
« Write OK
109449 
109447 
109443 
109437 
109447 
109445 
109439 
109443 
109434 
109459 
109450 
109442 
109441 
109448 
109371 
109440 
109437 
109440 
109439 
109437 
109439 
109443 
109450 
109440 
109432 
109430 
109434 
109446 
109437 
109449 
109439 
109442 
109429 
109428 
109440 
109449 
109458 
109445 
109444 
109446 
109419 
109423 
109426 
109415 
109419 
109410 
109390 
109353 
178259 
178272 
175576 
175566 
241713 
241766 
241677 
241678 
250952 
241657 
251299 
241842 
242055 
241803 
175385 
175596 
175622 
175629 
109422 
109431 
109437 
109425 
109432 
109439 
109433 
109429 
109433 
109435 
109431 
109433 
109433 
109431 
109429 
109431 
109418 
109433 
109443 
109439 
109436 
109433 
109446 
109449 
109433 
109435 
109429 
109429 
109442 
109427 
109434 
109436 
109435 
109439 
