» Y T 1 1
« Write OK
109564 
109431 
109437 
109441 
109448 
109451 
109456 
109453 
109451 
109457 
109461 
109427 
109439 
109443 
109444 
109442 
109433 
109444 
109428 
109439 
109393 
109435 
109438 
109424 
109441 
109417 
109427 
109439 
109483 
109445 
109438 
109433 
109428 
109421 
109422 
109430 
109425 
109437 
109435 
109428 
109408 
109421 
109401 
109396 
109405 
109410 
109404 
109416 
109407 
109396 
178385 
178369 
241755 
175586 
175581 
251131 
241659 
241795 
241889 
241883 
241839 
241758 
109427 
175627 
109433 
109425 
109428 
109426 
109429 
175323 
175323 
187680 
178405 
175438 
175339 
175343 
175643 
109441 
109422 
109423 
109429 
109434 
109434 
175337 
175367 
175448 
175495 
109442 
109447 
109441 
109439 
109432 
109435 
109433 
109440 
109434 
109447 
109439 
109443 
109439 
