» Y T 1 1
« Write OK
109446 
109450 
109443 
109450 
109446 
109440 
109436 
109399 
109450 
109457 
109457 
109451 
109446 
109430 
109430 
109433 
109442 
109446 
109438 
109430 
109422 
109441 
109436 
109436 
109433 
109432 
109426 
109427 
109444 
109441 
109441 
109427 
109435 
109420 
109427 
109424 
109431 
109437 
109426 
109422 
109412 
109409 
109404 
109416 
109407 
109405 
109406 
178479 
178380 
241756 
175583 
175573 
251083 
241696 
251186 
241893 
241951 
241779 
175317 
109425 
109436 
109429 
109430 
109429 
109434 
109447 
109431 
109434 
109435 
109431 
109432 
109423 
109413 
109425 
109439 
109435 
109441 
109441 
109436 
109443 
109435 
109433 
109443 
109433 
109433 
109427 
109435 
109440 
109436 
109435 
109439 
109437 
109445 
109439 
109436 
109437 
109437 
109440 
109436 
109426 
