» Y T 1 1
« Write OK
109561 
109427 
109435 
109433 
109437 
109440 
109446 
109453 
109449 
109455 
109445 
109457 
109434 
109436 
109488 
109435 
109435 
109444 
109433 
109441 
109432 
109428 
109480 
109438 
109437 
109430 
109443 
109425 
109436 
109438 
109440 
109437 
109442 
109433 
109419 
109428 
109439 
109437 
109435 
109420 
109415 
109420 
109394 
109394 
109389 
178479 
109406 
175327 
175604 
178442 
241583 
241657 
251069 
241827 
251070 
241837 
241865 
241922 
241857 
241852 
175528 
177858 
178294 
178320 
178267 
178267 
109435 
178289 
175544 
175443 
175503 
175612 
175693 
109379 
109338 
109357 
109361 
109382 
109418 
109486 
109517 
175522 
175409 
175470 
109478 
109421 
109387 
109385 
109404 
109419 
109448 
109447 
109458 
109457 
109459 
109452 
109451 
109436 
109435 
109441 
