» Y T 1 1
« Write OK
109452 
109458 
109449 
109452 
109459 
109440 
109444 
109455 
109441 
109439 
109433 
109438 
109437 
109453 
109449 
109455 
109448 
109440 
109437 
109433 
109435 
109440 
109437 
109463 
109421 
109424 
109420 
109415 
109435 
109448 
109446 
109482 
109433 
109422 
109428 
109442 
109428 
109438 
109431 
109427 
109415 
109409 
109424 
109431 
109425 
109425 
109421 
109421 
109381 
109401 
109394 
109407 
178473 
175589 
241727 
241742 
175582 
241681 
250958 
241743 
251214 
241896 
241881 
175340 
109418 
109432 
109429 
109427 
109438 
109425 
109431 
109439 
109431 
109532 
109427 
109425 
109428 
109423 
109421 
109444 
109430 
109440 
109439 
109431 
109450 
109431 
109438 
109429 
109431 
109445 
109429 
109424 
109437 
109433 
109435 
109431 
109436 
109452 
109431 
109439 
