» Y T 1 1
« Write OK
109633 
109437 
109437 
109440 
109440 
109441 
109433 
109444 
109447 
109432 
109438 
109450 
109443 
109435 
109435 
109435 
109426 
109358 
109434 
109439 
109438 
109436 
109427 
109420 
109430 
109434 
109429 
109432 
109435 
109438 
109431 
109418 
109429 
109431 
109428 
109437 
109431 
109427 
109423 
109411 
109417 
109423 
109419 
109425 
109427 
109421 
109421 
109424 
109391 
109402 
109413 
109420 
178490 
241610 
241630 
184877 
175581 
241705 
241750 
241763 
241882 
241993 
175557 
175434 
175417 
178338 
177935 
109276 
109438 
109435 
109550 
177927 
109451 
109435 
109439 
177925 
109432 
109445 
109423 
109443 
109441 
109444 
109434 
109441 
109446 
109453 
109446 
109437 
109438 
109445 
109444 
109431 
109447 
109440 
109444 
109445 
109437 
109446 
109464 
109445 
