» Y T 1 1
« Write OK
109443 
109452 
109464 
109452 
109448 
109446 
109455 
109447 
109445 
109445 
109443 
109449 
109451 
109451 
109442 
109436 
109425 
109415 
109424 
109437 
109434 
109436 
109430 
109403 
109421 
109436 
109428 
109422 
109420 
109429 
109415 
109427 
109432 
109430 
109429 
109424 
109426 
109411 
109411 
109426 
109419 
109420 
109427 
109406 
109421 
109392 
109394 
109418 
109413 
109435 
109427 
178508 
241701 
241645 
241656 
241753 
241791 
251141 
175419 
175427 
241975 
241826 
175410 
109412 
109398 
178300 
178371 
178293 
109411 
109416 
109460 
109493 
175389 
175380 
109473 
109422 
109410 
109393 
109399 
109415 
109445 
109468 
175391 
109475 
109433 
109401 
109387 
109427 
109443 
109484 
109484 
109432 
109415 
109403 
109427 
109464 
109471 
109436 
109403 
109410 
