» Y T 1 1
« Write OK
109453 
109450 
109444 
109450 
109457 
109451 
109441 
109441 
109452 
109443 
109446 
109441 
109371 
109449 
109438 
109431 
109430 
109433 
109437 
109436 
109516 
109432 
109427 
109419 
109427 
109437 
109437 
109439 
109434 
109429 
109432 
109417 
109430 
109437 
109436 
109447 
109440 
109422 
109431 
109408 
109417 
109423 
109415 
109424 
109413 
109416 
109411 
109407 
109377 
175604 
109393 
109393 
178300 
178493 
178439 
178337 
241621 
184863 
241671 
241841 
241775 
241795 
241990 
175543 
175629 
109439 
109432 
109421 
109435 
109437 
109413 
109432 
109433 
109427 
109430 
109433 
109431 
109456 
109433 
109433 
109424 
109428 
109432 
109433 
109431 
109433 
109443 
109430 
109435 
109442 
109442 
109439 
109433 
109438 
109439 
109450 
109439 
109425 
109438 
109446 
