» Y T 1 1
« Write OK
109448 
109445 
109449 
109441 
109440 
109445 
109436 
109443 
109441 
109437 
109532 
109438 
109433 
109423 
109423 
109422 
109425 
109430 
109447 
109435 
109434 
109429 
109432 
109425 
109435 
109437 
109446 
109445 
109437 
109443 
109431 
109432 
109448 
109435 
109439 
109430 
109418 
109425 
109400 
109410 
109411 
109422 
109422 
109412 
109417 
175602 
109390 
109374 
178377 
178422 
178398 
178349 
250979 
241721 
241905 
241813 
241694 
241859 
242024 
175568 
175325 
109429 
175619 
175631 
109420 
109421 
109424 
109431 
109427 
109432 
109433 
109431 
109441 
109434 
109430 
109431 
109430 
109437 
109432 
109418 
109428 
109437 
109445 
109430 
109435 
109438 
109440 
109431 
109443 
109430 
109439 
109438 
109427 
109439 
109431 
109442 
109438 
109435 
109445 
109450 
