» Y T 1 1
« Write OK
109436 
109441 
109431 
109438 
109434 
109445 
109446 
109443 
109438 
109452 
109443 
109445 
109453 
109456 
109450 
109450 
109426 
109432 
109431 
109439 
109361 
109439 
109440 
109439 
109420 
109435 
109432 
109441 
109515 
109432 
109426 
109427 
109434 
109438 
109439 
109431 
109428 
109430 
109410 
109417 
109427 
109429 
109425 
109420 
109411 
109422 
109390 
109385 
178371 
178466 
175598 
175598 
241779 
250929 
241791 
241832 
241760 
241868 
242004 
241951 
175534 
175432 
241768 
241549 
177932 
109278 
109451 
109434 
109537 
177923 
109440 
109442 
109446 
177922 
109437 
109445 
109439 
109440 
109438 
109444 
109448 
109444 
109443 
109452 
109445 
109445 
109443 
109445 
109455 
109442 
109442 
109446 
109454 
109441 
109443 
109435 
109443 
109437 
109444 
109450 
