» Y T 1 1
« Write OK
119693 
119617 
119681 
119637 
119789 
119577 
119913 
119685 
119764 
119681 
119856 
119645 
119660 
119522 
119552 
119594 
119645 
119666 
119630 
119553 
119613 
119508 
119682 
119682 
119762 
119604 
119617 
119525 
119522 
119507 
119519 
119778 
119602 
119525 
203648 
194436 
194235 
194353 
194079 
194434 
194394 
272109 
272161 
279747 
270992 
281153 
271846 
271953 
271356 
271469 
280567 
119577 
119592 
119540 
119545 
120122 
119582 
119583 
119598 
119701 
119757 
119779 
119804 
119805 
119679 
193335 
128913 
119602 
119602 
119560 
119636 
119621 
120306 
119624 
119630 
119647 
119688 
119689 
119728 
119774 
119927 
119721 
119555 
119569 
119624 
119634 
119681 
119700 
119654 
119710 
119622 
119689 
119613 
119593 
119609 
119646 
119617 
120500 
119631 
119649 
