» Y T 1 1
« Write OK
119807 
119721 
119770 
119703 
119764 
119789 
119799 
119805 
119828 
119763 
119680 
120121 
119633 
119665 
119656 
119566 
119608 
119611 
119576 
119603 
119677 
119597 
119554 
119554 
119504 
119483 
119565 
119614 
119579 
119538 
119536 
119499 
194388 
194221 
194386 
194341 
197271 
197292 
270330 
270391 
193959 
271578 
270493 
270675 
281320 
271763 
280192 
271228 
271380 
271288 
271022 
119701 
119598 
119742 
119681 
119625 
119681 
119631 
119685 
119649 
119665 
118963 
119647 
119641 
119629 
119619 
119655 
119615 
119640 
120279 
119660 
119611 
119649 
119571 
119627 
119618 
119540 
119574 
119581 
119621 
119654 
119679 
119637 
119655 
119624 
119609 
118936 
119647 
119661 
119594 
119609 
119686 
119626 
119630 
120508 
119619 
119785 
119628 
119638 
119627 
