» Y T 1 1
« Write OK
119711 
119743 
119745 
119721 
119734 
119761 
119779 
119788 
119848 
119907 
119745 
119641 
119649 
119679 
119665 
119639 
119433 
119563 
119601 
119620 
119156 
119529 
119558 
119474 
119475 
119563 
119519 
195617 
119493 
197557 
128739 
194197 
194343 
194347 
194408 
194268 
194197 
272137 
271986 
279683 
270586 
281419 
271839 
271912 
271284 
271595 
280607 
193692 
193273 
119645 
119554 
119560 
193269 
119648 
119611 
119645 
119641 
119636 
119615 
119636 
119617 
119608 
119687 
119609 
119586 
119554 
119580 
119659 
119579 
119591 
118911 
119613 
119752 
119637 
119555 
119567 
119610 
119591 
120376 
119570 
119595 
119623 
119593 
119583 
119619 
119672 
119634 
119588 
119590 
119663 
119584 
119590 
119562 
119580 
119620 
120439 
119613 
119579 
119668 
119606 
