1 112981
2 112856
3 112840
4 112864
5 112858
6 112870
7 112889
8 112893
9 112894
10 112881
11 112883
12 112882
13 112888
14 112891
15 112890
16 112879
17 112869
18 112881
19 112883
20 112889
21 112887
22 112889
23 112881
24 112870
25 112871
26 112877
27 112893
28 112894
29 112889
30 112888
31 112878
32 112879
33 112883
34 112902
35 112899
36 112907
37 177532
38 112904
39 112923
40 177455
41 177531
42 177603
43 177626
44 179044
45 177330
46 177638
47 177688
48 177492
49 179720
50 179178
51 112903
52 112872
53 112879
54 112881
55 112888
56 112884
57 112886
58 112879
59 112879
60 112882
61 112877
62 112823
63 112878
64 112882
65 112881
66 112887
67 112880
68 112878
69 112874
70 112841
71 112875
72 112876
73 112886
74 112886
75 112884
76 112881
77 112885
78 112878
79 112880
80 112877
81 112884
82 112888
83 112884
84 112882
85 112888
86 112883
87 112885
88 112891
89 112884
90 112889
91 112882
92 112883
93 112883
94 112880
95 112879
96 112882
97 112885
98 112891
99 112890
100 112895
