1 112895
2 112893
3 112891
4 112890
5 112885
6 112877
7 112889
8 112889
9 112887
10 112901
11 112903
12 112904
13 112888
14 112886
15 112894
16 112880
17 112889
18 112882
19 112899
20 112895
21 112891
22 112886
23 112886
24 112895
25 112889
26 112887
27 112899
28 112901
29 177523
30 112899
31 177438
32 177527
33 177531
34 177574
35 177310
36 112775
37 177577
38 177622
39 177415
40 177523
41 179702
42 179593
43 112878
44 177546
45 177552
46 112825
47 177484
48 177471
49 177627
50 112877
51 112896
52 112888
53 112885
54 112887
55 112884
56 112894
57 112891
58 112888
59 112881
60 112892
61 112890
62 112889
63 112890
64 112891
65 112882
66 112878
67 112877
68 112880
69 112881
70 112869
71 112871
72 112866
73 112866
74 112866
75 112863
76 112866
77 112870
78 112885
79 112887
80 112886
81 112887
82 112879
83 112882
84 112867
85 112878
86 112883
87 112881
88 112893
89 112887
90 112881
91 112877
92 112885
93 112879
94 112880
95 112879
96 112883
97 112886
98 112880
99 112879
100 112880
