1 112869
2 112881
3 112890
4 112890
5 112886
6 112881
7 112887
8 112884
9 112883
10 112889
11 112890
12 112885
13 112880
14 112881
15 112883
16 112882
17 112888
18 112889
19 112878
20 112878
21 112887
22 112878
23 112877
24 112883
25 112884
26 112888
27 112884
28 112894
29 112885
30 112890
31 112896
32 112880
33 112896
34 112882
35 178998
36 179014
37 112910
38 112896
39 112919
40 179013
41 179037
42 177561
43 177535
44 179041
45 177330
46 177583
47 177661
48 177547
49 179361
50 179357
51 112868
52 112865
53 112872
54 179357
55 179007
56 112875
57 112884
58 179375
59 112883
60 112887
61 112884
62 112872
63 112878
64 112871
65 112877
66 112877
67 112879
68 112868
69 112871
70 112874
71 112873
72 112880
73 112872
74 112877
75 112882
76 112882
77 112876
78 112876
79 112879
80 112872
81 112869
82 112872
83 112881
84 112880
85 112882
86 112886
87 112882
88 112882
89 112878
90 112881
91 112877
92 112877
93 112878
94 112887
95 112874
96 112872
97 112892
98 112882
99 112881
100 112876
