1 112872
2 112878
3 112880
4 112878
5 112876
6 112872
7 112870
8 112859
9 112861
10 112878
11 112884
12 112892
13 112892
14 112889
15 112900
16 112888
17 112879
18 112871
19 112876
20 112882
21 112883
22 112892
23 112897
24 112884
25 112873
26 112871
27 112874
28 112873
29 112880
30 112887
31 112896
32 112892
33 112878
34 112883
35 112883
36 112891
37 179014
38 112924
39 112912
40 179011
41 179017
42 177528
43 177567
44 177535
45 112761
46 177369
47 177632
48 177688
49 244961
50 179356
51 179576
52 112869
53 112883
54 179354
55 178986
56 112877
57 112883
58 112864
59 112864
60 112876
61 112882
62 112890
63 112894
64 112881
65 112877
66 112875
67 112882
68 112882
69 112885
70 112897
71 112884
72 112884
73 112876
74 112866
75 112864
76 112877
77 112871
78 112871
79 112884
80 112888
81 112885
82 112880
83 112880
84 112875
85 112867
86 112871
87 112871
88 112869
89 112872
90 112872
91 112871
92 112870
93 112884
94 112877
95 112883
96 112876
97 112875
98 112875
99 112882
100 112869
