1 112884
2 112881
3 112883
4 112873
5 112878
6 112880
7 112874
8 112887
9 112890
10 112893
11 112896
12 112892
13 112885
14 112889
15 112892
16 112890
17 112881
18 112895
19 112889
20 112897
21 112886
22 112887
23 112882
24 112894
25 112892
26 179362
27 112902
28 112891
29 112912
30 179007
31 179378
32 112911
33 112909
34 112750
35 112762
36 177530
37 177558
38 177584
39 244913
40 179359
41 112876
42 112877
43 112878
44 179364
45 112878
46 112885
47 112887
48 112878
49 112876
50 112877
51 112871
52 112875
53 112878
54 112884
55 112883
56 112871
57 112876
58 112882
59 112880
60 112884
61 112888
62 112891
63 112882
64 112884
65 112879
66 112874
67 112882
68 112883
69 112881
70 112882
71 112887
72 112886
73 112877
74 112877
75 112872
76 112873
77 112873
78 112874
79 112885
80 112878
81 112875
82 112873
83 112875
84 112875
85 112874
86 112875
87 112878
88 112875
89 112880
90 112874
91 112879
92 112884
93 112887
94 112878
95 112879
96 112875
97 112876
98 112873
99 112874
100 112879
