1 112065
2 112065
3 112062
4 112071
5 112072
6 112063
7 112071
8 112073
9 112069
10 112075
11 112068
12 112072
13 112055
14 112065
15 112068
16 112075
17 112061
18 112079
19 112075
20 112073
21 112086
22 112069
23 180188
24 180060
25 180071
26 180240
27 180254
28 180334
29 180221
30 180107
31 179899
32 179899
33 180103
34 180084
35 180289
36 247913
37 180596
38 180275
39 197301
40 180251
41 180238
42 112074
43 112081
44 112077
45 112078
46 112077
47 112072
48 112071
49 112074
50 112069
51 112070
52 112075
53 112072
54 112074
55 112073
56 112071
57 112067
58 112074
59 112073
60 112070
61 112065
62 112074
63 112062
64 112079
65 112065
66 112075
67 112069
68 112073
69 112066
70 112073
71 112078
72 112072
73 112070
74 112078
75 112075
76 112070
77 112070
78 112077
79 112067
80 112074
81 112073
82 112069
83 112071
84 112074
85 112068
86 112071
87 112077
88 112071
89 112081
90 112073
91 112082
92 112078
93 112075
94 112087
95 112077
96 112077
97 112070
98 112074
99 112069
100 112070
