1 112059
2 112065
3 112068
4 112058
5 112073
6 112062
7 112073
8 112065
9 112074
10 112064
11 112064
12 112077
13 112053
14 112058
15 112074
16 112068
17 112083
18 112076
19 112081
20 112073
21 112068
22 112086
23 180186
24 180188
25 180063
26 180126
27 180247
28 180359
29 180358
30 180241
31 180257
32 179913
33 247919
34 180145
35 180177
36 187615
37 248037
38 180204
39 180276
40 112060
41 112074
42 112068
43 112076
44 112075
45 112077
46 112071
47 112068
48 112073
49 112082
50 112069
51 112074
52 112072
53 112071
54 112072
55 112079
56 112069
57 112073
58 112078
59 112068
60 112072
61 112081
62 112069
63 112073
64 112079
65 112070
66 112076
67 112025
68 112074
69 112067
70 112068
71 112079
72 112066
73 112075
74 112069
75 112076
76 112068
77 112069
78 112082
79 112084
80 112076
81 112078
82 112078
83 112082
84 180171
85 112073
86 112084
87 112080
88 112067
89 112072
90 112077
91 112069
92 112073
93 112074
94 180049
95 112067
96 112074
97 112070
98 112075
99 112071
100 112072
