1 112059
2 112070
3 112071
4 112074
5 112084
6 112077
7 112085
8 112080
9 112074
10 112079
11 112069
12 112053
13 112062
14 112072
15 112069
16 112083
17 112075
18 112067
19 112076
20 112087
21 112093
22 112088
23 180200
24 180191
25 180097
26 180099
27 180285
28 180293
29 197711
30 180123
31 180148
32 180111
33 180570
34 248086
35 247878
36 180240
37 179898
38 180244
39 112075
40 112080
41 179881
42 180236
43 180057
44 112076
45 112074
46 112073
47 112070
48 112064
49 180102
50 112076
51 112067
52 112077
53 112083
54 112073
55 112077
56 112089
57 112078
58 112071
59 112075
60 112082
61 112074
62 112079
63 112075
64 112070
65 112077
66 112069
67 180063
68 112076
69 112080
70 112074
71 112068
72 112076
73 112078
74 180230
75 112073
76 112077
77 112075
78 180178
79 112074
80 112077
81 112081
82 112074
83 112076
84 112075
85 112073
86 112071
87 112069
88 112076
89 112068
90 112071
91 112075
92 180181
93 112063
94 112078
95 112078
96 112079
97 112074
98 112073
99 112073
100 112079
