1 112063
2 112055
3 112067
4 112069
5 112073
6 112064
7 112073
8 112083
9 112077
10 112084
11 112085
12 112074
13 112063
14 112061
15 112069
16 112079
17 112070
18 112071
19 112080
20 112076
21 112091
22 112067
23 112083
24 180071
25 180207
26 180199
27 180266
28 180130
29 112093
30 180248
31 180263
32 112099
33 180109
34 111968
35 180257
36 197485
37 180094
38 180103
39 180591
40 248089
41 247947
42 247938
43 180185
44 180218
45 180200
46 180269
47 112008
48 180333
49 180371
50 180040
51 180102
52 180193
53 111966
54 180363
55 180047
56 180038
57 180430
58 180422
59 180506
60 180185
61 180189
62 180509
63 180503
64 112065
65 112069
66 112073
67 112059
68 112064
69 112062
70 112061
71 112064
72 112059
73 112070
74 112059
75 112066
76 112069
77 112061
78 112060
79 112070
80 112061
81 112069
82 112065
83 112065
84 112060
85 112068
86 112072
87 112063
88 112062
89 112064
90 112059
91 112065
92 112068
93 112062
94 112060
95 112060
96 112065
97 112069
98 112067
99 112066
100 112063
