1 112067
2 112074
3 112080
4 112073
5 112077
6 112077
7 112077
8 112062
9 112076
10 112072
11 112075
12 112053
13 112060
14 112059
15 112071
16 112079
17 112065
18 112070
19 112074
20 112073
21 112079
22 112076
23 112091
24 180091
25 180217
26 180205
27 180145
28 180158
29 180382
30 180407
31 180420
32 180315
33 180329
34 180282
35 180218
36 179901
37 112070
38 112071
39 179891
40 112066
41 112073
42 112070
43 112071
44 112075
45 112081
46 112068
47 112077
48 112079
49 112077
50 112078
51 112075
52 112077
53 112072
54 112078
55 112083
56 112084
57 112067
58 112075
59 112067
60 112073
61 112075
62 112062
63 112074
64 112066
65 112068
66 112067
67 112071
68 112069
69 112072
70 112073
71 112069
72 112074
73 112071
74 112061
75 112071
76 112072
77 112078
78 112071
79 112072
80 112069
81 112070
82 112069
83 112075
84 112070
85 112071
86 112077
87 112072
88 112071
89 112073
90 112073
91 112068
92 112080
93 112070
94 112073
95 112069
96 112074
97 112072
98 112081
99 112084
100 112078
