1 112052
2 112070
3 112065
4 112074
5 112070
6 112065
7 112065
8 112057
9 112074
10 112086
11 112078
12 112071
13 112072
14 112073
15 112071
16 112076
17 112069
18 112072
19 112079
20 112080
21 112077
22 112072
23 112087
24 112084
25 112097
26 112079
27 112091
28 112098
29 112100
30 112126
31 112115
32 112140
33 111957
34 112151
35 180159
36 180259
37 180581
38 180259
39 180259
40 180259
41 180159
42 180159
43 112070
44 180159
45 112072
46 112072
47 112070
48 112069
49 112076
50 112064
51 112070
52 112075
53 112071
54 112076
55 112079
56 112065
57 112080
58 112078
59 112081
60 112075
61 112071
62 112078
63 112072
64 112077
65 112078
66 112074
67 112079
68 112084
69 112080
70 112083
71 112079
72 112084
73 112080
74 112081
75 112076
76 112068
77 112074
78 112083
79 112076
80 112075
81 112076
82 112071
83 112077
84 112073
85 112075
86 112075
87 112077
88 112077
89 112066
90 112071
91 112073
92 112075
93 112077
94 112074
95 112074
96 112072
97 112079
98 112073
99 112076
100 112068
