1 112059
2 112065
3 112060
4 112056
5 112066
6 112070
7 112064
8 112073
9 112066
10 112074
11 112074
12 112072
13 112073
14 112065
15 112064
16 112069
17 112072
18 112066
19 112072
20 112074
21 112076
22 112078
23 112074
24 112088
25 112091
26 112098
27 112104
28 112103
29 112106
30 112122
31 112113
32 112147
33 112136
34 111974
35 111995
36 180140
37 112015
38 180638
39 112149
40 112042
41 112089
42 112064
43 180159
44 180159
45 180159
46 112077
47 180159
48 112073
49 112077
50 112081
51 112066
52 112079
53 112074
54 112072
55 112075
56 112082
57 112071
58 112070
59 112079
60 112072
61 112071
62 112079
63 112068
64 112074
65 112075
66 112081
67 112073
68 112073
69 112079
70 112072
71 112083
72 112082
73 112083
74 112077
75 112082
76 112077
77 112074
78 112084
79 112085
80 112075
81 112076
82 112074
83 112075
84 112066
85 112082
86 112064
87 112068
88 112076
89 112077
90 112073
91 112067
92 112073
93 112067
94 112081
95 112072
96 112071
97 112071
98 112075
99 112067
100 112071
