1 112074
2 112075
3 112072
4 112065
5 112074
6 112066
7 112062
8 112058
9 112065
10 112070
11 112083
12 112068
13 112078
14 112069
15 112077
16 112070
17 112076
18 112068
19 112062
20 112078
21 112075
22 112068
23 112063
24 112080
25 112076
26 112081
27 112091
28 112095
29 112104
30 112120
31 112105
32 111925
33 111931
34 111966
35 112147
36 112138
37 112016
38 180234
39 180296
40 180159
41 112069
42 180159
43 112070
44 180159
45 112071
46 112074
47 112084
48 112075
49 112082
50 112074
51 112077
52 112077
53 112076
54 112084
55 112082
56 112077
57 112065
58 112072
59 112078
60 112068
61 112076
62 112069
63 112068
64 112066
65 112078
66 112067
67 112070
68 112069
69 112073
70 112071
71 112073
72 112068
73 112069
74 112071
75 112073
76 112066
77 112069
78 112074
79 112062
80 112077
81 112070
82 112070
83 112073
84 112074
85 112072
86 112069
87 112076
88 112070
89 112069
90 112073
91 112074
92 112067
93 112073
94 112072
95 112073
96 112065
97 112079
98 112079
99 112078
100 112074
