1 112065
2 112061
3 112064
4 112056
5 112067
6 112068
7 112068
8 112065
9 112073
10 112061
11 112071
12 112077
13 112071
14 112071
15 112080
16 112062
17 112066
18 112077
19 112069
20 112066
21 112072
22 112088
23 112073
24 112081
25 112086
26 112095
27 112105
28 112105
29 112109
30 112094
31 112133
32 111938
33 111963
34 111987
35 112169
36 180143
37 180232
38 180244
39 112075
40 112074
41 112074
42 112079
43 112077
44 112081
45 112079
46 112077
47 112075
48 112064
49 112068
50 112070
51 112072
52 112070
53 112074
54 112073
55 112065
56 112071
57 112066
58 112073
59 112074
60 112069
61 112069
62 112069
63 112071
64 112070
65 112073
66 112076
67 112067
68 112073
69 112067
70 112072
71 112067
72 112066
73 112075
74 112075
75 112065
76 112069
77 112067
78 112069
79 112076
80 112068
81 112070
82 112069
83 112079
84 112070
85 112071
86 112081
87 112078
88 112077
89 112077
90 112079
91 112075
92 112074
93 112079
94 112072
95 112083
96 112069
97 112076
98 112063
99 112081
100 112068
