1 112193
2 112068
3 112068
4 112061
5 112066
6 112059
7 112062
8 112065
9 112064
10 112066
11 112072
12 112067
13 112076
14 112076
15 112080
16 112082
17 112073
18 112068
19 112073
20 112092
21 112062
22 112065
23 112059
24 112071
25 112067
26 112067
27 112057
28 112068
29 112076
30 112088
31 112074
32 112084
33 112077
34 112109
35 112105
36 112142
37 112138
38 180159
39 112153
40 180273
41 180171
42 180216
43 112015
44 180586
45 180344
46 112061
47 112077
48 112075
49 180354
50 180159
51 112069
52 112008
53 112073
54 112073
55 112067
56 112074
57 112072
58 112078
59 112072
60 112075
61 112075
62 112084
63 112069
64 112071
65 112085
66 112076
67 112088
68 112081
69 112090
70 112090
71 112092
72 112095
73 112108
74 112113
75 112113
76 112106
77 112118
78 112114
79 112108
80 112100
81 111912
82 111923
83 112104
84 112095
85 111914
86 111923
87 112081
88 112079
89 112081
90 112085
91 112092
92 112091
93 112079
94 112142
95 112094
96 112085
97 112091
98 112101
99 112091
100 112086
