109481.9
109446.35
109442.6
109442.05
109439.9
109443.1
109442.55
109444.65
109444.1
109448.4
109450.05
109444.95
109436.15
109439.45
109442.5
109437.15
109435.8
109432.15
109432.2
109434.5
109431.0
109436.15
109435.65
109431.0
109430.25
109429.55
109438.0
109431.75
109438.35
109435.0
109432.7
109430.85
109432.95
109425.95
109426.65
109429.3
109427.4
109428.7
109420.55
109418.85
109413.2
109413.35
112723.7
109409.85
112857.45
123067.55
123205.85
133392.15
160137.55
173258.95
179426.35
193136.35
217699.8
216970.7
230698.9
228320.15
226772.4
220145.8
209751.6
198791.1
195931.85
175821.75
166252.65
162932.9
142871.45
136529.45
129652.05
129833.45
126127.0
132797.8
123253.2
129997.45
132846.5
132804.55
122640.15
122772.6
122670.7
116507.0
116045.2
112729.8
112746.45
116050.5
122661.45
122649.3
119357.75
116036.9
116181.75
109434.45
109435.15
112880.35
112864.15
109441.45
109435.3
109434.6
109438.3
109440.25
109440.3
109436.7
109436.95
112736.75
