260253.35
263841.25
262038.8
262527.35
261573.65
262980.15
262972.1
262977.25
263453.0
262475.6
262509.15
262039.6
261675.05
262543.5
262492.1
262537.8
263466.05
262081.8
262046.3
262487.45
262092.65
262975.0
262944.15
262937.9
262929.9
262494.5
262950.85
261996.15
262012.05
262519.65
262048.55
262501.4
262942.1
261996.4
262544.25
262477.25
262053.15
262951.8
262470.7
262969.7
262956.15
262451.55
262929.4
262039.25
262960.95
262541.1
262526.3
262530.4
262131.3
262156.2
262119.85
262502.6
262098.9
263059.55
262128.6
263033.1
263036.7
262543.1
263028.35
262092.2
262999.7
263010.8
262508.65
262549.45
262092.75
262577.4
262578.55
262569.3
262574.55
262077.3
262557.55
263002.45
262545.35
262560.2
262517.1
262059.95
262966.4
263005.3
262996.05
262976.55
262514.65
262520.2
262009.3
262048.3
262025.1
262041.7
262520.7
262972.0
262063.9
262491.2
262517.15
262076.85
262991.6
262967.75
262974.45
263416.15
262507.7
262485.95
262029.65
261553.7
