121917.59999999999
128204.2
123211.5
124602.90000000001
123233.40000000001
123212.35
118989.95000000001
119993.45000000001
123649.09999999999
119515.6
121804.09999999999
119509.20000000001
123687.70000000001
123271.45000000001
123297.85
123290.6
115719.34999999999
117180.84999999999
119006.95
124271.05
123345.34999999999
119651.34999999999
122899.0
123858.25000000001
125261.84999999999
123879.79999999999
125341.8
119682.70000000001
120269.15000000001
115398.15
111894.85
108585.35
101099.55000000002
91605.85
73872.75
73836.69999999998
62761.0
46778.95000000001
31784.29999999999
17228.5
17867.600000000006
-3259.850000000006
-5183.299999999988
-3157.0500000000175
-7147.100000000006
-9056.399999999994
-7905.600000000006
-3162.5499999999884
-1484.1499999999942
5872.600000000006
22565.04999999999
37815.600000000006
34170.350000000006
61793.70000000001
77362.65
80542.34999999998
86819.29999999999
88879.9
95093.6
92873.05000000002
104965.25
92565.45000000001
91661.94999999998
88893.70000000001
100610.6
102390.25
107816.25
104040.85
100769.4
95976.84999999998
96441.70000000001
100218.79999999999
106298.35
104568.75
102640.79999999999
103501.5
101018.44999999998
99678.04999999999
95969.85
112336.75
115749.29999999999
114365.24999999999
115768.24999999999
115788.19999999998
115728.35
115291.95000000001
115830.05
115350.9
117563.59999999999
115755.75
117171.75
123318.5
123314.9
122778.59999999999
115686.75000000001
116155.34999999999
119583.79999999999
121819.25
119555.20000000001
120123.09999999999
