119725.2
119727.2
119738.65
119735.7
119745.7
119739.35
123508.5
123436.0
119785.7
123458.15
123476.05
123450.0
119733.9
119674.9
119678.25
119673.65
127244.8
127658.8
123486.3
119623.45
119624.95
123323.45
119611.9
119580.7
119574.7
119556.5
119581.2
123373.0
123289.7
127683.0
131208.05
134484.5
141979.4
153371.8
168774.5
169280.7
179898.0
196309.3
211212.5
226229.05
227016.55
246765.0
250474.4
246172.2
251103.25
252062.9
250937.25
246248.25
244595.1
238640.35
220084.85
205766.8
208472.9
181240.3
165666.0
162511.95
158056.6
154610.9
150258.0
149684.4
138978.85
150449.55
150909.45
154629.5
142423.75
141993.3
135192.5
139442.15
142240.85
147038.45
146550.8
142813.5
138571.15
138457.35
142259.0
139058.8
142942.1
142849.75
147015.55
131118.95
127244.6
130980.05
127220.05
127690.1
127256.85
127695.65
127161.45
127644.35
127273.05
127245.4
127235.65
119670.15
119659.5
119728.3
127284.95
127297.7
123385.75
123460.65
123431.65
123329.05
