241642.8
247931.4
242950.15
244338.6
242979.1
242951.7
242498.45
243429.45
243434.8
242973.75
245280.15
242959.2
243421.6
242946.35
242976.1
242964.25
242964.15
244839.65
242493.25
243894.5
242970.3
242974.8
242510.9
243438.95
244836.55
243436.3
244923.0
243055.7
243558.85
243081.15
243102.9
243069.85
243078.95
244977.65
242647.25
243117.4
242659.0
243088.25
242996.8
243457.55
244884.15
243505.15
245291.1
243015.15
243956.15
243006.5
243031.65
243085.7
243110.95
244512.95
242649.9
243582.4
242643.25
243034.0
243028.65
243054.3
244875.9
243490.8
245351.6
242557.45
243944.1
243015.0
242571.4
243523.2
243034.35
244383.55
243008.75
243483.0
243010.25
243015.3
242992.5
243032.3
244869.5
243026.1
244899.8
242560.3
243960.55
242527.8
242985.4
243455.7
242993.9
245345.3
242988.3
243478.3
242985.2
242987.6
242991.5
242995.25
244836.65
243001.15
244407.4
242988.65
242974.4
242506.9
242971.7
243453.05
242969.55
245279.9
242986.85
243452.15
