150771.45
154394.9
152596.19999999998
153085.3
152133.75
153537.05000000002
153529.55
153532.6
154008.9
153027.19999999998
153059.10000000003
152594.65000000002
152238.9
153104.05
153049.59999999998
153100.65
154030.25
152649.65
152614.09999999998
153052.95
152661.65
153538.85
153508.50000000003
153506.90000000002
153499.65000000002
153064.95
153512.84999999998
152564.4
152573.69999999998
153084.65000000002
152615.84999999998
153070.55000000002
153509.14999999997
152570.45
153117.6
153047.95
152625.75
153523.09999999998
153050.15000000002
153550.85
153542.95
153038.19999999998
150205.7
152629.4
150103.5
139473.55
139320.44999999998
129138.25000000003
101993.75
88897.25
82693.5
69366.24999999997
44399.100000000006
46088.84999999998
31429.70000000001
34712.94999999998
36264.30000000002
42397.29999999999
53276.74999999997
63301.100000000006
67067.85
87189.04999999999
96256.00000000003
99616.55000000002
119221.29999999999
126047.95000000001
132926.5
132735.84999999998
136447.55
129279.5
139304.34999999998
133005.0
129698.84999999998
129755.65000000002
139876.94999999998
139287.35
140295.7
146498.3
146950.84999999998
150246.75
149768.2
146469.7
139347.84999999998
139399.0
142667.35
146004.80000000002
146338.95
153537.55
152628.75
149610.85
149653.00000000003
152635.40000000002
153556.3
153533.15
153536.15000000002
153975.90000000002
153067.40000000002
153049.25
152592.7
148816.95
