» Y T 1 1
« Write OK
109556 
109458 
109442 
109437 
109446 
109444 
109443 
109451 
109453 
109448 
109454 
109458 
109451 
109448 
109448 
109435 
109438 
109439 
109369 
109428 
109433 
109437 
109445 
109443 
109434 
109429 
109504 
109427 
109441 
109428 
109433 
109428 
109427 
109426 
109425 
109431 
109432 
109442 
109432 
109417 
109440 
109405 
109409 
109448 
109412 
109420 
109418 
109406 
178375 
178483 
175595 
241799 
241776 
251026 
241823 
251053 
241771 
241767 
241872 
241897 
241732 
109435 
109418 
109437 
109432 
109435 
109440 
109430 
109434 
109430 
109435 
109423 
109435 
109428 
109427 
109425 
109431 
109432 
109430 
109443 
109418 
109438 
109431 
109432 
109438 
109437 
109437 
109435 
109435 
109437 
109434 
109440 
109432 
109431 
109440 
109437 
109435 
109429 
109435 
109440 
