» Y T 1 1
« Write OK
109444 
109512 
109448 
109448 
109444 
109453 
109457 
109455 
109446 
109454 
109467 
109455 
109444 
109445 
109443 
109428 
109439 
109443 
109448 
109436 
109441 
109429 
109429 
109440 
109439 
109440 
109505 
109438 
109423 
109436 
109448 
109442 
109448 
109422 
109419 
109417 
109409 
109417 
109424 
109419 
109417 
109417 
175608 
109391 
109375 
178365 
178484 
178373 
241608 
241685 
241685 
250971 
241665 
241766 
241974 
241929 
241816 
175410 
109436 
109435 
109437 
109440 
109429 
109441 
109437 
109430 
109441 
109428 
109432 
109450 
109435 
109433 
109439 
109437 
109444 
109434 
109440 
109443 
109437 
109438 
109444 
109435 
109446 
109447 
109444 
109439 
109441 
109440 
109437 
109413 
109439 
109445 
109438 
109442 
109435 
109452 
109446 
109440 
109441 
109435 
