» Y T 1 1
« Write OK
109441 
109442 
109439 
109442 
109359 
109436 
109444 
109451 
109449 
109448 
109451 
109455 
109413 
109438 
109445 
109435 
109432 
109437 
109439 
109428 
109430 
109429 
109441 
109450 
109433 
109440 
109436 
109433 
109429 
109428 
109439 
109434 
109439 
109434 
109426 
109416 
109418 
109427 
109436 
109434 
109431 
109419 
109431 
109412 
109393 
109399 
109415 
109407 
178375 
178475 
178409 
178311 
178291 
178363 
241769 
250925 
241641 
241827 
175571 
175629 
175336 
175382 
175479 
175747 
175760 
175468 
175463 
175762 
175782 
109428 
109401 
109433 
109442 
109455 
109446 
109437 
109440 
109429 
109552 
109433 
109426 
109437 
109437 
109428 
109426 
109430 
109437 
109426 
109433 
109437 
109453 
109439 
109437 
109421 
109430 
109435 
109437 
109429 
109426 
109436 
