» Y T 1 1
« Write OK
109428 
109441 
109441 
109436 
109442 
109437 
109439 
109446 
109447 
109437 
109434 
109436 
109426 
109434 
109424 
109434 
109426 
109420 
109426 
109425 
109429 
109429 
109416 
109428 
109417 
109424 
109431 
109434 
109427 
109423 
109419 
109415 
109420 
109427 
109432 
109430 
109423 
109421 
109405 
109414 
109415 
109414 
109476 
109409 
178453 
178396 
178294 
178341 
241717 
241740 
241625 
241727 
175363 
175667 
175644 
109429 
109424 
109421 
175645 
175647 
109426 
109419 
175650 
175645 
109425 
109403 
109397 
109424 
109424 
109434 
109423 
109425 
109432 
109423 
109425 
109420 
109428 
109427 
109418 
109430 
109426 
109433 
109438 
109333 
109428 
109431 
109425 
109431 
109423 
109441 
109429 
109537 
109414 
109438 
109431 
109423 
109428 
109436 
109437 
109427 
