109443 
109438 
109431 
109431 
109436 
109439 
109438 
109456 
109442 
109464 
109446 
109441 
109429 
109421 
109425 
109433 
109434 
109433 
109439 
109426 
109429 
109420 
109429 
109396 
109430 
109418 
109421 
109421 
109418 
109432 
109435 
109421 
109435 
109423 
109412 
109422 
109432 
109429 
109413 
109409 
109394 
109393 
109389 
109389 
109376 
109397 
109401 
178308 
178492 
175546 
241688 
241711 
251198 
241898 
251158 
241822 
241862 
175576 
177924 
109426 
109429 
109431 
109434 
109429 
109427 
109435 
109432 
109430 
109429 
109426 
109437 
109437 
109434 
109428 
109422 
109428 
109427 
109422 
109425 
109427 
109429 
109427 
109432 
109435 
109433 
109432 
109425 
109435 
109427 
109433 
109425 
109433 
109431 
109432 
109426 
109432 
109431 
109440 
109429 
109436 
