» Y T 1 1
« Write OK
109553 
109442 
109435 
109436 
109446 
109437 
109429 
109438 
109434 
109440 
109428 
109442 
109441 
109382 
109432 
109427 
109434 
109447 
109445 
109448 
109433 
109513 
109428 
109428 
109439 
109427 
109430 
109431 
109426 
109441 
109444 
109438 
109429 
109442 
109415 
109433 
109434 
109436 
109421 
109421 
109411 
109420 
109426 
109432 
109424 
109420 
109414 
109404 
109411 
109417 
109420 
109397 
109393 
109379 
178453 
178388 
178297 
178304 
241649 
241741 
241819 
241871 
175323 
175604 
175663 
175373 
175457 
175742 
175754 
175772 
175460 
175500 
175741 
175761 
175484 
109417 
175648 
109431 
109415 
109418 
109423 
109423 
109428 
109450 
109450 
109443 
109441 
109434 
109428 
109429 
109426 
109427 
109431 
109432 
109451 
109448 
109443 
109432 
109453 
109432 
