» Y T 1 1
« Write OK
109435 
109435 
109442 
109444 
109440 
109446 
109444 
109451 
109452 
109463 
109430 
109433 
109434 
109439 
109521 
109440 
109430 
109423 
109427 
109421 
109428 
109431 
109403 
109427 
109420 
109412 
109419 
109431 
109435 
109435 
109423 
109422 
109419 
109413 
109416 
109415 
109417 
109423 
109402 
109408 
109388 
109383 
109378 
109389 
109395 
109397 
178371 
178366 
175568 
175539 
241689 
241721 
241844 
241924 
241812 
241847 
251337 
175407 
109429 
109430 
109424 
109428 
109406 
109426 
109429 
109428 
109433 
109425 
109437 
109428 
109422 
109424 
109420 
109422 
109426 
109414 
109417 
109433 
109425 
109430 
109429 
109425 
109437 
109425 
109422 
109431 
109424 
109435 
109429 
109416 
109430 
109433 
109426 
109426 
109429 
109433 
109434 
109432 
109433 
109424 
