» Y T 1 1
« Write OK
109446 
109437 
109438 
109436 
109437 
109438 
109443 
109439 
109440 
109453 
109455 
109447 
109441 
109459 
109431 
109431 
109434 
109434 
109427 
109433 
109417 
109399 
109442 
109436 
109433 
109425 
109418 
109415 
109435 
109433 
109430 
109432 
109426 
109418 
109414 
109436 
109426 
109439 
109422 
109395 
109391 
109374 
109377 
109384 
109389 
109395 
178487 
178424 
175568 
241699 
241711 
241844 
241904 
241798 
241820 
251316 
241903 
251217 
175423 
175487 
241755 
177922 
109430 
109440 
109437 
177925 
109439 
109445 
109435 
109434 
109438 
109432 
109441 
109439 
109435 
109437 
109429 
109449 
109445 
109441 
109444 
109441 
109436 
109437 
109440 
109436 
109438 
109437 
109440 
109438 
109435 
109442 
109436 
109443 
109448 
109442 
109443 
109440 
109437 
109455 
