» Y T 1 1
« Write OK
109450 
109448 
109456 
109449 
109449 
109442 
109448 
109446 
109447 
109443 
109449 
109453 
109450 
109450 
109464 
109450 
109444 
109433 
109443 
109443 
109439 
109439 
109447 
109441 
109434 
109434 
109444 
109441 
109431 
109429 
109422 
109426 
109442 
109434 
109433 
109424 
109421 
109415 
109409 
109432 
109403 
109431 
109424 
109409 
109400 
109389 
109388 
109404 
109400 
178414 
178370 
241655 
175557 
241831 
251000 
241735 
251181 
241934 
241954 
241991 
241825 
175424 
175572 
251090 
241522 
178242 
178381 
178374 
178352 
241537 
187758 
241684 
241685 
241570 
241668 
241957 
241862 
250957 
241667 
175317 
175624 
175637 
242025 
241820 
241871 
175481 
178376 
109468 
109446 
178305 
177933 
109439 
109441 
109440 
109431 
109442 
109436 
109427 
109436 
175422 
