1 180293
2 180304
3 180180
4 180177
5 180289
6 180316
7 180313
8 180189
9 180185
10 180304
11 180303
12 180184
13 180184
14 180180
15 180312
16 180317
17 180188
18 180196
19 180307
20 180292
21 180176
22 180185
23 180178
24 180311
25 180327
26 180198
27 180198
28 180322
29 180313
30 180331
31 180225
32 180226
33 180363
34 180341
35 180238
36 180259
37 180386
38 247909
39 197596
40 248014
41 248058
42 248034
43 248127
44 247908
45 248070
46 265293
47 247957
48 265299
49 247948
50 247939
51 179870
52 179874
53 247936
54 247932
55 197641
56 247841
57 247857
58 247935
59 247979
60 247861
61 248014
62 265385
63 247933
64 265447
65 247650
66 247651
67 247930
68 247935
69 248002
70 248013
71 264963
72 247924
73 247935
74 248010
75 248014
76 247938
77 247578
78 265423
79 248018
80 265347
81 247938
82 247935
83 248007
84 248012
85 265370
86 247940
87 265455
88 248010
89 248006
90 247940
91 247958
92 248002
93 248021
94 265306
95 247935
96 265392
97 248015
98 248009
99 247935
100 247942
