1 180294
2 180182
3 180292
4 180297
5 180175
6 180172
7 180299
8 180303
9 180299
10 180186
11 180177
12 180300
13 180313
14 180179
15 180184
16 180308
17 180309
18 180310
19 180205
20 180192
21 180303
22 180307
23 180182
24 180183
25 180200
26 180310
27 180323
28 180179
29 180189
30 180327
31 180329
32 180343
33 180226
34 180223
35 180354
36 180401
37 180272
38 180154
39 247969
40 247963
41 197632
42 248142
43 265395
44 247896
45 247900
46 247907
47 247872
48 265104
49 179867
50 179870
51 247946
52 247939
53 179876
54 179877
55 247940
56 247937
57 265435
58 248008
59 247649
60 247927
61 247925
62 247647
63 248003
64 265362
65 247933
66 265114
67 247643
68 248005
69 247947
70 247936
71 248008
72 180227
73 264985
74 247939
75 247942
76 248020
77 248013
78 247945
79 247946
80 265433
81 248015
82 265375
83 247939
84 247941
85 248016
86 248012
87 247933
88 247940
89 265480
90 248014
91 248016
92 247945
93 247575
94 247651
95 248017
96 264969
97 247585
98 265053
99 247648
100 248015
