1 180183
2 180301
3 180296
4 180183
5 180181
6 180309
7 180313
8 180314
9 180194
10 180196
11 180311
12 180306
13 180195
14 180207
15 180187
16 180307
17 180315
18 180199
19 180187
20 180313
21 180308
22 180331
23 180203
24 180198
25 180323
26 180325
27 180223
28 180240
29 180365
30 180391
31 180423
32 180332
33 180344
34 247820
35 248129
36 247963
37 247940
38 265310
39 247879
40 265390
41 247944
42 247940
43 247893
44 247897
45 247932
46 247946
47 265391
48 248007
49 248015
50 247934
51 247938
52 248011
53 247655
54 265348
55 247934
56 265417
57 248017
58 248015
59 247935
60 247932
61 248012
62 248020
63 265370
64 247566
65 247937
66 248021
67 248003
68 247572
69 247934
70 265382
71 248008
72 264961
73 247929
74 247931
75 248004
76 248009
77 247934
78 247921
79 265427
80 248013
81 248018
82 247940
83 247941
84 248051
85 248018
86 265379
87 247940
88 265443
89 248015
90 248017
91 247940
92 247942
93 248011
94 248017
95 265323
96 247939
97 247934
98 248012
99 248014
100 247935
