1 180304
2 180297
3 180179
4 180180
5 180295
6 180305
7 180305
8 180181
9 180185
10 180315
11 180308
12 180183
13 180204
14 180321
15 180330
16 180306
17 180197
18 180192
19 180318
20 180324
21 180184
22 180192
23 180194
24 180326
25 180320
26 180184
27 180213
28 180324
29 180360
30 180255
31 180242
32 180304
33 180431
34 247996
35 180208
36 247750
37 247951
38 180236
39 265338
40 247945
41 197745
42 180324
43 248012
44 247876
45 247575
46 247662
47 248020
48 265366
49 247932
50 247941
51 247653
52 247984
53 247936
54 247935
55 265465
56 247664
57 265401
58 247582
59 247947
60 248017
61 248019
62 247940
63 247969
64 265435
65 248091
66 248079
67 248027
68 248075
69 248031
70 247860
71 265429
72 247972
73 265343
74 247989
75 247879
76 248021
77 247928
78 247895
79 247938
80 265394
81 247971
82 247833
83 247970
84 248251
85 247795
86 247786
87 265461
88 248109
89 180333
90 247993
91 247980
92 248138
93 248183
94 180342
95 247873
96 197760
97 180346
98 248220
99 247893
100 247941
