1 180295
2 180299
3 180307
4 180185
5 180181
6 180185
7 180319
8 180315
9 180185
10 180190
11 180315
12 180312
13 180312
14 180177
15 180189
16 180322
17 180315
18 180198
19 180185
20 180190
21 248069
22 265384
23 248008
24 180058
25 180184
26 180271
27 180137
28 180246
29 180250
30 247916
31 265109
32 180163
33 247768
34 248121
35 248128
36 265499
37 247868
38 265412
39 247953
40 247851
41 247976
42 247573
43 247533
44 247894
45 265320
46 247935
47 265387
48 248011
49 248006
50 247570
51 247939
52 265405
53 248000
54 265340
55 247932
56 247934
57 248005
58 247640
59 247929
60 247916
61 265444
62 247994
63 248001
64 247919
65 247927
66 248002
67 247995
68 265387
69 247935
70 265397
71 247644
72 248001
73 247929
74 247927
75 248004
76 248006
77 265352
78 247931
79 247938
80 248014
81 247643
82 247927
83 247930
84 265449
85 248004
86 265381
87 247930
88 247933
89 248012
90 248006
91 247924
92 247573
93 265110
94 247643
95 248008
96 247929
97 247928
98 248006
99 248007
100 265326
