1 112073
2 112078
3 112072
4 112075
5 112065
6 112071
7 112084
8 112086
9 112082
10 112069
11 112060
12 112052
13 112058
14 112068
15 112086
16 112082
17 112078
18 112085
19 112074
20 112084
21 112075
22 112092
23 112081
24 112086
25 112077
26 112080
27 112094
28 112084
29 112105
30 112101
31 112122
32 112106
33 112109
34 112126
35 112126
36 112148
37 112018
38 111981
39 112058
40 180205
41 180281
42 111986
43 111940
44 112072
45 112062
46 111997
47 112080
48 112080
49 112070
50 112068
51 112067
52 112072
53 112068
54 112064
55 112081
56 112078
57 112073
58 112066
59 112061
60 112074
61 112072
62 112070
63 112014
64 112071
65 112070
66 112071
67 112066
68 112069
69 112068
70 112071
71 112030
72 112067
73 112068
74 112070
75 112070
76 112067
77 112068
78 112073
79 112076
80 112078
81 112076
82 112082
83 112070
84 112086
85 112078
86 112074
87 112082
88 112035
89 112080
90 112088
91 112080
92 112080
93 112076
94 112079
95 112086
96 112046
97 112102
98 112088
99 112095
100 112076
