1 112167
2 112058
3 112052
4 112057
5 112070
6 112086
7 112090
8 112071
9 112063
10 112059
11 112060
12 112065
13 112071
14 112082
15 112084
16 112074
17 112063
18 112068
19 112073
20 112065
21 112081
22 112074
23 112100
24 112091
25 112086
26 112082
27 112077
28 112080
29 112081
30 112102
31 112104
32 112121
33 112112
34 112122
35 112142
36 112143
37 112159
38 112189
39 112181
40 112045
41 180193
42 111982
43 180300
44 112073
45 112081
46 112067
47 112116
48 112059
49 112066
50 112067
51 112072
52 112067
53 112074
54 112066
55 112068
56 112059
57 112068
58 112070
59 112063
60 112068
61 112071
62 112072
63 112067
64 112061
65 112064
66 112069
67 112072
68 112072
69 112073
70 112073
71 112066
72 112063
73 112068
74 112070
75 112066
76 112075
77 112068
78 112062
79 112069
80 112126
81 112064
82 112068
83 112072
84 112064
85 112068
86 112067
87 112074
88 112021
89 112078
90 112073
91 112069
92 112074
93 112071
94 112075
95 112082
96 112084
97 112069
98 112066
99 112064
100 112060
