1 112167
2 112047
3 112065
4 112080
5 112078
6 112080
7 112087
8 112065
9 112068
10 112069
11 112063
12 112074
13 112085
14 112092
15 112095
16 112086
17 112070
18 112074
19 112080
20 112076
21 112078
22 112076
23 112080
24 112078
25 112089
26 112092
27 112088
28 112086
29 112085
30 112097
31 112104
32 112109
33 112133
34 112129
35 112121
36 111955
37 111942
38 112140
39 112193
40 112004
41 180175
42 112057
43 180264
44 111919
45 112033
46 112071
47 112065
48 112060
49 112060
50 112066
51 112065
52 112058
53 112066
54 112064
55 112075
56 112065
57 112075
58 112073
59 112073
60 112078
61 112107
62 112111
63 112091
64 112076
65 112070
66 112076
67 112071
68 112072
69 112079
70 112073
71 112065
72 112065
73 112064
74 112054
75 112058
76 112057
77 112060
78 112066
79 112073
80 112075
81 112063
82 112063
83 112070
84 112058
85 112065
86 112068
87 112068
88 112071
89 112058
90 112060
91 112054
92 112058
93 112065
94 112071
95 112079
96 112073
97 112068
98 112070
99 112056
100 112063
