1 112186
2 112066
3 112081
4 112076
5 112076
6 112072
7 112078
8 112067
9 112074
10 112063
11 112076
12 112075
13 112081
14 112074
15 112068
16 112066
17 112079
18 112074
19 112072
20 112074
21 112068
22 112076
23 112074
24 112080
25 112098
26 112094
27 112094
28 112088
29 112078
30 112092
31 111911
32 111920
33 112113
34 112076
35 111915
36 111940
37 112108
38 112121
39 112129
40 111943
41 111931
42 112052
43 112070
44 111897
45 111902
46 111907
47 112079
48 112077
49 111906
50 111912
51 112069
52 112060
53 112061
54 111916
55 111912
56 112045
57 112045
58 112040
59 112042
60 112038
61 112047
62 112050
63 112044
64 112045
65 112046
66 112041
67 112043
68 112042
69 112042
70 112043
71 112042
72 112047
73 112051
74 112039
75 112046
76 112048
77 112040
78 112043
79 112039
80 112039
81 112049
82 112045
83 112039
84 112042
85 112040
86 112041
87 112043
88 112037
89 112044
90 112041
91 112047
92 112043
93 112042
94 112041
95 112035
96 112050
97 112048
98 112049
99 112044
100 112048
