1 112063
2 112070
3 112059
4 112057
5 112067
6 112068
7 112073
8 112080
9 112077
10 112080
11 112070
12 112069
13 112060
14 112052
15 112051
16 112064
17 112078
18 112086
19 112088
20 112081
21 112084
22 112074
23 112084
24 112078
25 112090
26 112095
27 112103
28 112089
29 112084
30 112086
31 112082
32 112096
33 112099
34 112100
35 112130
36 112118
37 112144
38 112153
39 112143
40 112026
41 180179
42 180160
43 180638
44 180314
45 111908
46 112059
47 112074
48 112077
49 112068
50 112068
51 112059
52 112074
53 112079
54 112068
55 112077
56 112068
57 112076
58 112072
59 112074
60 112072
61 112068
62 112072
63 112070
64 112061
65 112071
66 112077
67 112074
68 112082
69 112079
70 112093
71 112090
72 112065
73 112036
74 112067
75 112066
76 112061
77 112064
78 112067
79 112066
80 112066
81 112065
82 112067
83 112064
84 112058
85 112068
86 112075
87 112067
88 112064
89 112064
90 112066
91 112063
92 112071
93 112064
94 112072
95 112070
96 112072
97 112071
98 112065
99 112100
100 112070
