» Y T 1 1
« Write OK
119707 
119675 
119729 
119623 
119644 
119675 
119612 
119720 
119726 
119692 
119717 
119715 
119719 
119851 
119597 
119590 
119541 
119546 
119542 
119651 
119518 
119011 
119537 
119460 
119528 
119584 
119629 
119573 
119652 
120187 
119474 
119430 
119553 
119636 
119566 
119587 
119356 
119386 
194253 
194316 
197344 
204904 
195623 
119469 
197583 
197087 
270448 
270433 
272588 
272466 
279897 
270689 
280439 
271290 
271201 
271336 
271650 
280902 
270699 
193264 
119605 
119658 
119614 
193245 
119608 
119022 
119655 
119616 
119672 
119619 
119631 
119611 
119576 
119667 
119714 
119700 
119613 
119672 
119596 
119629 
119641 
119568 
119579 
119701 
119610 
119681 
119649 
119758 
119640 
119666 
119909 
119619 
119662 
119670 
119559 
119645 
119694 
119719 
120394 
119631 
