» Y T 1 1
« Write OK
119713 
119966 
119784 
119734 
119822 
119775 
119780 
119811 
119735 
193258 
193305 
194620 
119652 
119741 
119699 
119719 
271218 
280667 
196590 
119713 
119518 
194280 
119483 
119523 
119544 
119557 
119530 
119461 
119455 
119401 
119488 
119545 
119503 
119592 
119475 
194259 
194252 
194246 
194083 
194152 
281321 
272461 
279626 
270498 
194451 
271836 
271688 
279889 
270846 
280964 
271812 
280643 
271412 
119591 
119675 
119641 
119600 
119591 
119644 
119646 
119686 
119595 
119691 
119741 
119676 
119615 
119656 
119724 
119619 
119649 
119590 
119641 
119606 
119642 
119652 
119607 
119050 
119671 
119610 
119658 
119611 
119666 
119621 
119556 
120498 
119603 
119642 
119621 
119637 
119640 
119683 
119682 
119650 
119683 
119642 
119623 
119648 
119667 
119607 
119661 
