» Y T 1 1
« Write OK
119630 
119819 
119641 
119573 
119594 
119645 
119658 
119824 
119764 
119725 
119772 
119746 
119808 
119728 
119712 
119754 
119749 
119638 
120253 
119597 
119659 
119669 
119676 
119669 
119583 
119552 
119605 
119619 
119590 
119663 
119573 
119623 
119597 
119461 
119503 
119529 
194376 
194451 
197673 
197685 
270516 
194176 
280929 
271461 
279837 
270736 
281162 
271876 
271884 
271255 
271204 
280407 
270866 
119650 
119628 
119602 
119664 
119686 
119656 
119611 
119626 
119678 
119682 
119647 
119635 
119672 
119637 
119648 
119908 
119635 
119646 
119711 
119618 
119637 
119664 
119738 
120485 
119642 
119591 
119591 
119630 
119638 
119541 
119651 
119625 
119635 
119668 
119612 
119739 
119679 
119663 
119697 
119608 
119964 
119646 
119549 
119673 
119645 
119633 
119696 
