» Y T 1 1
« Write OK
119642 
119757 
119736 
119747 
119707 
119794 
119787 
119821 
119803 
119882 
119601 
119603 
119689 
119696 
119616 
119591 
120104 
119585 
119598 
119642 
119598 
119529 
119576 
119469 
119062 
119600 
119633 
119580 
119446 
119447 
194225 
194235 
194456 
194451 
194381 
194356 
193950 
271595 
194154 
270477 
281302 
271800 
280058 
271348 
271273 
272001 
270278 
193421 
194564 
120289 
119639 
119702 
119749 
119724 
119628 
119685 
119636 
119671 
119627 
119588 
119687 
119609 
119678 
119618 
119650 
119613 
120484 
119602 
119623 
119614 
119673 
119610 
119544 
119559 
120002 
119612 
119709 
119611 
119679 
119737 
119602 
119634 
119634 
119639 
119678 
119623 
119577 
119618 
119623 
119660 
119625 
119647 
119667 
119642 
119585 
119688 
119631 
119609 
119640 
118916 
