» Y T 1 1
« Write OK
119703 
119715 
119719 
120362 
119777 
119851 
119786 
119817 
119900 
119627 
119648 
119706 
119685 
119688 
119575 
119545 
119561 
119607 
119653 
119672 
120118 
119428 
119508 
119517 
119598 
119642 
119523 
119452 
194025 
194165 
194266 
194468 
194478 
194464 
270811 
203275 
271598 
279753 
270445 
281238 
271773 
271488 
271379 
271260 
280924 
271566 
119647 
119670 
194504 
194595 
271151 
280257 
270937 
196250 
195725 
280220 
271009 
271061 
271117 
271169 
280319 
271110 
280247 
271259 
271245 
271121 
271076 
280518 
271204 
280350 
270817 
270989 
271195 
271164 
271031 
271064 
280529 
271227 
280412 
196283 
119711 
119741 
119732 
119681 
119719 
119659 
119650 
119653 
119664 
119677 
119643 
119663 
119711 
119735 
194571 
271691 
194738 
194677 
194627 
194701 
