» Y T 1 1
« Write OK
119710 
119645 
119671 
119722 
119783 
119758 
119805 
119809 
119773 
119795 
120392 
119668 
119569 
119537 
119664 
119645 
119647 
119540 
119557 
119470 
119623 
119634 
119672 
119625 
119541 
119486 
119470 
119556 
119646 
119541 
119543 
119467 
119460 
194258 
194233 
194088 
194305 
194402 
194419 
194346 
194413 
194219 
271784 
279933 
271271 
281201 
271729 
280562 
271313 
271189 
119716 
119672 
120514 
119676 
119661 
119653 
119663 
119639 
119683 
119543 
119565 
119646 
119604 
119612 
119630 
119626 
119748 
119680 
119663 
120016 
119638 
119625 
119616 
119522 
119675 
119630 
119642 
120435 
119653 
119704 
119653 
119672 
119602 
119650 
119664 
119638 
119590 
119591 
119642 
119661 
119624 
119635 
119629 
119704 
119966 
119711 
119648 
119673 
119629 
119634 
