» Y T 1 1
« Write OK
119672 
119679 
119668 
119724 
119729 
119723 
119707 
119707 
119725 
119686 
119695 
119674 
119769 
119733 
119703 
119824 
119844 
119706 
119676 
119627 
119581 
119579 
119629 
119656 
119670 
119554 
119573 
119458 
119600 
119645 
119642 
119618 
119498 
119383 
119336 
119379 
197387 
197357 
195581 
194270 
194368 
194180 
194187 
194167 
194262 
194486 
272214 
270697 
271285 
280453 
271615 
280487 
271619 
281237 
272254 
197419 
119764 
119625 
119601 
119653 
119685 
119645 
119760 
119642 
119638 
119748 
119647 
119609 
119689 
119589 
119641 
119623 
119686 
119680 
119685 
119602 
119678 
119675 
119660 
119642 
119667 
119681 
119572 
119654 
119655 
119637 
119641 
119635 
119628 
119842 
119669 
119664 
119690 
119692 
119695 
119537 
119639 
119657 
119635 
119662 
