» Y T 1 1
« Write OK
119707 
119771 
119761 
119684 
119710 
119771 
119772 
119761 
119727 
119797 
119858 
119753 
119821 
119760 
119708 
119680 
119663 
119602 
119605 
119603 
119677 
119667 
119594 
119543 
119616 
119463 
119567 
119605 
119615 
119602 
119592 
119480 
119528 
119423 
119447 
119491 
119495 
194397 
270182 
197288 
197319 
279688 
270252 
194227 
271715 
279836 
270656 
270680 
271511 
271735 
280523 
271116 
281055 
271775 
193640 
120457 
119520 
119667 
193294 
193337 
119621 
119597 
119741 
120023 
119644 
119611 
119639 
119640 
119657 
119596 
119639 
119321 
119679 
119636 
119635 
119596 
119717 
119639 
119630 
119670 
119621 
119634 
119594 
119589 
119583 
119656 
119637 
119642 
120020 
119768 
119623 
119650 
119619 
119659 
119646 
119647 
118965 
119628 
119675 
119598 
