» Y T 1 1
« Write OK
119779 
119765 
119754 
119762 
119827 
119768 
119778 
119782 
119831 
119803 
119808 
119159 
119895 
119843 
119767 
119711 
119674 
119602 
119649 
119733 
119728 
119719 
119676 
119652 
119578 
119657 
119671 
119712 
119678 
119647 
119637 
119486 
119549 
119583 
119625 
119675 
119633 
119561 
119595 
194287 
194209 
194337 
194318 
194425 
203562 
194263 
281032 
271746 
271929 
270544 
270727 
281209 
271560 
280601 
271328 
281328 
270407 
193457 
119680 
194541 
194440 
271554 
280247 
270907 
194446 
194549 
194546 
280289 
270988 
280417 
271123 
280323 
271071 
271024 
271257 
197466 
197386 
270734 
280301 
271315 
271214 
271069 
271038 
280443 
271228 
280335 
270683 
280438 
271187 
271198 
271158 
119729 
119770 
119740 
196694 
119704 
119743 
119757 
119650 
119678 
