» Y T 1 1
« Write OK
119739 
119752 
119785 
119759 
119708 
119743 
194699 
193226 
119742 
119823 
119807 
119843 
120090 
119804 
119846 
119641 
119692 
119626 
119691 
119636 
119688 
119524 
119589 
119607 
119649 
119617 
119574 
119557 
119589 
119550 
119500 
119579 
119566 
119491 
119491 
119493 
194254 
194244 
194367 
197355 
197357 
270446 
194233 
194313 
194262 
194233 
270604 
270715 
271200 
271815 
271341 
270995 
281346 
271983 
119682 
119663 
119666 
119799 
119730 
119656 
119690 
119664 
119680 
119612 
119580 
119611 
119581 
119668 
119639 
119667 
119647 
119687 
119700 
119663 
119766 
119774 
120305 
119581 
119677 
119684 
119623 
119668 
119665 
119656 
120097 
119682 
119674 
119670 
119675 
119651 
119595 
119642 
119697 
119637 
119692 
119693 
119651 
119672 
119655 
119661 
