» Y T 1 1
« Write OK
119819 
119721 
119736 
119697 
119819 
119782 
119767 
119700 
119781 
119728 
119769 
119614 
119640 
119631 
119541 
119640 
119641 
119662 
119567 
119672 
119529 
119593 
119688 
119654 
119651 
119524 
119638 
119433 
119490 
119593 
119510 
119570 
194430 
194368 
194281 
194137 
194211 
194404 
272536 
270506 
194391 
281120 
271646 
279828 
270906 
281077 
271751 
271758 
271829 
271847 
280334 
193417 
193297 
119727 
119686 
119678 
120489 
128918 
194470 
194535 
119683 
119686 
119652 
119749 
119833 
119764 
119671 
119719 
119739 
119716 
119702 
119585 
119665 
119666 
119722 
119666 
119744 
119681 
119710 
119673 
119705 
119687 
119693 
119704 
119612 
119623 
119678 
119670 
119701 
119699 
119727 
119832 
119684 
119702 
119711 
119694 
119704 
119645 
119648 
119715 
