» Y T 1 1
« Write OK
119669 
119637 
119598 
119619 
119624 
119581 
119635 
119604 
119662 
119699 
119758 
119706 
119617 
119023 
119565 
119585 
119594 
119560 
119512 
119584 
119569 
120027 
119535 
119565 
119517 
119534 
119611 
119642 
119563 
119541 
119377 
119441 
119505 
119530 
194436 
206934 
197626 
193989 
194285 
270883 
271949 
272036 
280006 
270859 
281242 
271763 
271377 
270918 
119633 
119511 
119528 
119533 
120106 
119578 
119733 
119810 
119853 
119819 
119707 
119695 
119022 
119614 
119524 
119560 
119585 
119592 
119593 
119693 
119662 
119794 
119655 
119655 
119601 
119662 
119656 
119635 
119554 
119554 
119625 
119558 
119668 
119597 
119649 
119556 
119585 
119926 
119588 
119567 
119565 
119526 
119571 
119607 
119630 
120434 
119646 
119661 
119648 
119605 
119546 
119593 
