» Y T 1 1
« Write OK
119762 
119699 
119775 
119700 
119741 
119742 
119873 
119786 
119901 
119815 
119835 
119827 
119820 
119642 
119604 
119715 
119740 
119640 
119638 
119525 
119646 
119658 
119704 
119634 
119553 
119506 
119523 
119619 
119443 
119652 
119551 
119519 
119365 
194359 
194371 
194329 
194278 
197521 
279917 
270200 
270238 
272373 
272364 
280000 
271213 
280977 
271630 
280395 
271072 
271057 
119657 
197388 
119710 
119601 
120322 
119694 
119599 
119614 
119644 
119636 
119667 
119671 
119666 
119650 
119639 
119688 
119641 
119654 
119627 
119690 
119632 
119657 
119595 
119704 
119658 
119651 
119623 
119659 
119617 
120559 
119587 
119653 
119684 
119640 
119646 
119614 
119608 
118954 
119655 
119631 
119621 
119616 
119750 
119679 
119635 
119632 
119660 
119648 
119680 
119532 
