» Y T 1 1
« Write OK
119913 
119769 
119768 
119741 
119780 
119748 
119769 
119751 
119758 
119741 
119782 
119774 
119819 
119789 
119830 
119916 
119715 
119658 
119701 
119688 
119715 
119611 
119594 
119572 
119670 
119626 
119678 
119647 
119593 
119531 
119528 
119646 
119605 
119685 
119620 
119556 
119562 
119430 
119473 
194370 
195608 
197360 
197312 
195631 
270838 
197668 
193913 
194292 
270541 
281003 
272175 
279870 
271009 
271195 
271760 
271381 
280411 
271487 
280857 
271171 
271348 
271934 
272130 
281590 
197414 
193337 
119257 
119710 
193230 
193239 
194912 
194648 
194651 
193247 
193305 
194566 
194643 
119677 
193276 
119758 
119765 
119721 
119827 
119740 
119734 
119739 
119771 
119713 
120130 
119717 
119808 
119711 
119777 
119782 
119800 
119796 
119730 
119743 
119782 
119748 
