» Y T 1 1
« Write OK
119770 
119682 
119783 
119765 
119842 
119799 
119758 
119778 
119836 
120083 
119789 
119673 
119620 
119681 
119687 
119749 
119589 
119352 
119527 
119638 
119649 
119645 
119689 
119613 
119494 
119492 
119605 
119603 
119666 
119552 
119552 
119537 
119447 
194391 
194499 
194445 
194310 
206567 
197279 
193982 
194126 
270453 
271959 
271966 
280142 
271290 
281021 
271824 
271097 
270880 
119661 
119648 
193288 
193308 
119644 
119652 
119679 
119645 
119611 
120374 
119652 
119633 
119600 
119674 
119601 
119703 
119737 
118950 
119634 
119650 
119677 
119663 
119555 
119620 
119702 
119609 
119660 
119668 
119661 
119728 
119659 
119661 
119679 
119661 
118940 
119575 
119579 
119603 
119650 
119625 
119637 
119686 
119520 
119671 
119689 
119705 
119626 
119682 
119634 
119608 
