» Y T 1 1
« Write OK
119688 
119707 
119790 
119713 
119755 
119779 
119778 
119770 
119854 
119863 
119917 
119675 
119636 
119617 
119659 
119689 
119634 
119644 
119464 
119563 
119583 
119631 
119592 
119549 
119944 
119479 
119485 
119558 
119559 
128813 
194338 
194141 
194214 
197661 
270434 
270447 
194078 
271613 
280090 
270458 
280974 
271672 
271766 
271310 
271050 
280242 
119695 
119575 
119557 
196577 
119659 
119707 
119638 
119744 
119786 
119826 
119757 
119806 
119626 
119637 
119647 
119649 
119594 
119660 
119628 
119723 
119625 
119650 
119717 
119725 
119702 
119695 
119672 
119611 
119675 
119648 
119699 
119635 
119740 
119633 
119692 
119659 
119697 
119650 
119573 
119557 
119624 
119600 
119744 
119705 
119711 
119718 
119642 
119628 
119637 
119617 
119618 
119671 
119599 
118994 
