» Y T 1 1
« Write OK
119670 
119704 
119879 
119728 
119765 
119726 
119715 
119775 
119756 
119795 
119787 
119837 
119887 
119868 
119919 
119680 
119604 
119701 
119696 
119679 
119654 
119630 
119702 
119596 
119555 
119607 
119608 
119629 
119590 
119528 
119571 
119431 
119501 
119607 
119539 
119589 
119586 
119488 
119523 
194260 
194184 
197481 
197553 
270415 
193938 
206485 
197255 
279641 
270540 
194225 
271915 
271758 
280454 
270946 
281130 
271802 
271861 
270981 
119616 
119646 
119595 
280698 
270941 
280346 
271129 
193363 
194509 
194597 
194725 
271373 
280484 
196381 
119686 
119611 
194569 
203780 
270967 
280380 
271188 
119592 
119667 
194629 
119809 
119824 
119823 
119815 
119719 
119607 
119656 
119596 
119631 
119640 
119683 
119741 
119148 
119657 
119684 
119808 
119662 
119671 
