» Y T 1 1
« Write OK
241532 
241596 
241609 
250763 
241532 
241522 
241593 
241485 
241519 
241532 
250761 
241599 
250812 
241517 
241529 
241600 
241615 
241534 
241526 
250896 
241584 
241604 
241534 
241543 
241607 
241608 
250768 
241535 
250946 
241602 
241614 
241534 
241532 
241599 
241593 
250811 
241539 
241550 
241618 
241614 
241530 
241906 
250929 
241625 
250865 
241553 
241919 
241625 
241626 
241574 
241973 
251381 
242067 
242020 
242009 
241970 
241649 
241598 
250796 
241522 
250864 
241590 
241599 
241526 
241532 
241596 
241962 
251201 
241907 
241920 
241615 
241979 
241907 
241901 
251295 
241970 
251143 
241543 
241519 
241955 
241586 
251143 
241535 
251221 
241962 
241597 
241533 
241531 
241484 
241596 
250837 
241549 
241558 
241634 
241631 
241565 
241568 
251321 
242015 
251183 
