» Y T 1 1
« Write OK
241714 
259724 
241524 
250870 
241601 
241618 
241538 
241530 
241601 
241607 
250828 
241543 
241534 
241598 
241598 
241548 
241543 
250934 
241604 
250769 
241526 
241525 
241596 
241602 
250794 
241539 
250869 
241594 
241592 
241528 
241540 
241605 
241606 
250831 
241538 
241542 
241601 
241614 
241913 
241551 
250939 
241632 
250791 
241559 
241559 
241618 
241638 
241585 
241962 
251305 
242064 
242040 
241973 
241945 
241632 
241605 
250819 
241536 
250901 
241606 
241613 
241528 
241897 
241982 
241985 
250877 
241558 
241913 
241985 
241971 
241894 
241894 
251220 
241964 
251165 
241897 
241880 
241962 
241589 
241533 
241521 
250884 
241606 
241593 
241532 
241530 
241604 
241594 
250851 
241542 
250939 
241615 
241623 
241550 
241564 
241632 
241635 
250826 
241564 
241559 
