» Y T 1 1
« Write OK
241721 
241527 
241538 
250868 
241979 
241607 
241901 
241530 
241600 
241591 
250832 
241522 
250895 
241606 
241606 
241513 
241518 
241601 
241597 
251219 
241521 
241885 
241949 
241959 
241880 
241887 
251214 
241977 
251194 
241938 
241558 
241611 
241612 
241546 
241530 
250902 
241606 
241605 
241537 
241534 
241594 
241594 
250845 
241515 
250925 
241598 
241608 
241541 
241422 
241595 
241598 
250797 
241531 
241523 
241590 
241613 
241536 
241534 
250901 
241593 
250849 
241912 
241956 
242046 
242170 
242148 
242197 
251419 
242007 
241996 
241962 
241872 
241958 
241934 
251127 
241910 
251287 
241571 
241925 
241855 
241950 
251468 
241906 
251116 
241472 
241489 
241952 
241992 
241908 
241904 
251293 
241597 
241580 
241533 
241529 
241966 
241603 
250787 
241527 
250864 
