» Y T 1 1
« Write OK
241680 
241605 
250780 
241540 
241521 
241597 
241488 
250805 
241531 
250878 
241597 
241602 
241523 
241512 
241596 
241605 
250826 
241522 
241524 
241602 
241615 
241542 
241526 
250841 
241606 
250777 
241892 
241885 
241947 
241963 
241892 
241903 
251227 
241981 
242002 
241958 
241552 
241586 
241602 
250833 
241536 
250915 
241604 
241600 
241527 
241533 
241596 
241598 
250867 
241543 
241542 
241596 
241601 
241531 
241540 
251251 
242054 
251307 
242032 
242013 
242008 
241988 
241907 
241869 
251269 
241967 
241892 
241825 
241472 
241928 
241587 
250862 
241545 
250875 
241995 
242006 
241942 
241947 
242018 
242034 
251246 
242003 
242052 
242067 
242048 
242034 
241938 
251279 
241967 
251411 
242060 
241942 
242005 
241931 
241860 
241817 
251141 
241497 
241887 
241836 
