» Y T 1 1
« Write OK
241718 
259735 
241535 
250880 
241589 
241598 
241542 
241905 
241612 
241598 
250831 
241518 
241528 
241605 
241593 
241534 
241525 
250836 
241596 
241595 
241519 
241529 
241608 
241595 
250801 
241549 
251257 
241978 
241985 
241931 
241932 
241618 
242007 
251317 
241579 
241930 
242017 
241605 
241538 
241532 
250946 
241615 
250790 
241533 
241532 
241599 
241595 
241535 
241540 
250872 
241599 
241602 
241530 
241529 
241599 
241597 
250843 
241534 
250913 
241603 
241611 
241533 
241541 
241601 
241601 
250669 
241533 
241535 
241603 
241598 
241526 
241528 
250863 
241604 
250800 
241526 
241538 
241595 
241601 
241547 
241529 
250902 
241592 
241598 
241529 
241534 
241593 
241596 
250857 
241531 
250826 
241607 
241595 
241527 
241521 
241597 
241607 
250806 
241528 
241523 
