» Y T 1 1
« Write OK
241608 
259862 
241527 
241518 
241592 
241586 
241526 
241530 
250907 
241604 
241598 
241537 
241534 
241593 
241600 
250784 
241538 
251233 
241621 
241612 
241557 
241534 
241613 
241627 
250837 
241569 
241947 
242025 
242039 
241968 
241975 
251335 
242032 
251293 
242044 
241683 
241790 
241594 
250815 
241348 
250796 
241656 
241707 
241640 
241425 
241555 
241543 
250745 
241517 
241564 
241635 
241589 
241495 
241395 
250872 
241580 
250814 
241512 
241506 
241577 
241582 
241509 
241510 
250905 
241579 
241575 
241507 
241396 
241574 
241572 
250777 
241499 
250847 
241576 
241581 
241514 
241505 
241482 
241582 
250693 
241512 
241512 
241588 
241587 
241405 
241516 
250905 
241588 
250844 
241500 
241540 
241600 
241584 
241512 
241511 
250863 
241580 
241596 
241499 
241546 
