» Y T 1 1
« Write OK
241712 
259754 
241526 
241409 
241593 
241601 
241532 
241530 
250917 
241609 
250763 
241529 
241524 
241603 
241602 
250788 
241541 
250849 
241604 
241598 
241529 
241530 
241602 
241591 
250800 
241511 
241521 
241606 
241604 
241535 
241526 
250889 
241610 
250758 
241529 
241549 
241975 
241613 
241543 
241533 
250864 
241965 
241603 
241541 
241903 
241983 
241970 
251168 
241902 
251281 
241592 
241621 
241517 
241525 
241587 
241594 
250716 
241521 
241526 
241598 
241599 
241420 
241535 
250841 
241599 
250785 
241528 
241532 
241602 
241488 
241529 
241521 
250880 
241605 
241601 
241524 
241524 
241594 
241486 
250830 
241523 
250794 
241600 
241593 
241524 
241530 
241592 
241593 
250866 
241526 
241526 
241600 
241486 
241532 
241528 
250755 
241599 
250814 
241414 
241525 
