» Y T 1 1
« Write OK
241636 
241598 
241594 
250833 
241526 
250907 
241590 
241591 
241525 
241520 
241599 
241609 
250798 
241536 
241540 
241603 
241602 
241523 
241516 
250872 
241594 
250815 
241414 
241526 
241577 
241599 
241525 
241528 
250918 
241597 
241596 
241526 
241520 
241592 
241594 
250793 
241538 
250866 
241600 
241597 
241528 
241531 
250886 
241609 
251197 
241549 
241536 
241613 
241616 
241532 
241546 
250925 
241652 
242039 
241968 
241991 
242051 
242062 
251184 
241891 
250873 
241603 
241611 
241535 
241522 
241603 
241489 
250821 
241517 
241529 
241591 
241586 
241531 
241519 
250900 
241590 
250835 
241525 
241519 
241593 
241594 
241515 
241524 
250847 
241597 
241597 
241524 
241528 
241598 
241589 
250803 
241521 
250884 
241597 
241601 
241517 
241527 
241596 
241595 
250830 
