» Y T 1 1
« Write OK
241526 
241523 
241599 
241592 
250844 
241529 
241539 
241590 
241598 
241530 
241526 
250858 
241586 
250778 
241527 
241520 
241591 
241594 
241520 
241509 
250879 
241595 
241603 
241528 
241530 
241593 
241585 
250837 
241528 
250919 
241602 
241608 
241534 
241535 
241596 
241594 
250803 
241897 
241550 
241619 
241616 
241548 
241556 
251258 
241627 
250856 
241590 
241981 
242056 
242075 
241983 
242008 
251288 
241613 
241593 
241523 
241519 
241593 
241589 
250784 
241528 
250860 
241585 
241599 
241517 
241520 
250863 
241473 
250798 
241516 
241500 
241583 
241579 
241509 
241514 
250900 
241591 
241601 
241520 
241523 
241589 
241485 
250778 
241524 
250853 
241600 
241599 
241518 
241525 
241584 
241594 
250802 
241523 
241516 
241469 
241567 
241502 
241517 
250897 
241597 
