1 112070
2 112067
3 112070
4 112074
5 112068
6 112078
7 112073
8 112076
9 112083
10 112087
11 112068
12 112065
13 112071
14 112071
15 112090
16 112071
17 112072
18 112079
19 112083
20 112066
21 112069
22 112077
23 112077
24 112086
25 112082
26 112088
27 112095
28 112103
29 112092
30 112101
31 112101
32 112106
33 112131
34 112125
35 112137
36 180112
37 180228
38 180169
39 180223
40 180315
41 180342
42 180394
43 112009
44 180345
45 180308
46 180308
47 180237
48 180308
49 112079
50 112079
51 112072
52 112025
53 112071
54 112079
55 112085
56 112075
57 112072
58 112065
59 112070
60 112068
61 112072
62 112071
63 112075
64 112069
65 112073
66 112075
67 112073
68 112075
69 180258
70 112076
71 112068
72 112075
73 112069
74 112080
75 112071
76 112077
77 112121
78 112071
79 112067
80 112079
81 112077
82 112081
83 112077
84 112081
85 112080
86 112087
87 112081
88 112080
89 112075
90 112076
91 112078
92 112074
93 112078
94 112123
95 112072
96 112077
97 112075
98 112084
99 112076
100 112077
