1 112197
2 112093
3 112086
4 112084
5 112077
6 112091
7 112070
8 112072
9 112074
10 112076
11 112068
12 112065
13 112067
14 112068
15 112063
16 112062
17 112086
18 112084
19 112078
20 112090
21 112088
22 112075
23 112092
24 112085
25 112095
26 112092
27 112085
28 112092
29 112088
30 112088
31 112089
32 112083
33 112097
34 112086
35 112103
36 112105
37 112110
38 112130
39 112131
40 112119
41 111973
42 180308
43 180103
44 180135
45 180176
46 180289
47 197709
48 180319
49 197635
50 180236
51 180321
52 180057
53 112060
54 112075
55 112067
56 112071
57 112077
58 112072
59 112078
60 112073
61 112079
62 112068
63 112071
64 112074
65 112073
66 112072
67 112077
68 112087
69 112078
70 112086
71 112084
72 112085
73 112079
74 112079
75 112084
76 112076
77 112072
78 112067
79 112074
80 112064
81 112073
82 112076
83 112072
84 112086
85 112071
86 112084
87 112072
88 112065
89 112064
90 112070
91 112064
92 112067
93 112076
94 112075
95 112079
96 112072
97 112066
98 112072
99 112061
100 112069
