1 112186
2 112076
3 112063
4 112077
5 112073
6 112077
7 112074
8 112073
9 112080
10 112074
11 112067
12 112062
13 112064
14 112058
15 112078
16 112077
17 112094
18 112092
19 112087
20 112083
21 112087
22 112086
23 112083
24 112092
25 112086
26 112092
27 112072
28 112079
29 112071
30 112087
31 112083
32 112097
33 112102
34 112105
35 112115
36 112097
37 112114
38 112115
39 112108
40 180118
41 111962
42 180096
43 180141
44 180206
45 180262
46 180461
47 180706
48 248099
49 180221
50 112094
51 180245
52 112072
53 112069
54 112070
55 112069
56 112061
57 112069
58 112036
59 112067
60 112072
61 112070
62 112065
63 112066
64 112069
65 112067
66 112069
67 112067
68 112074
69 112068
70 112070
71 112076
72 112069
73 112074
74 112071
75 112064
76 112069
77 112076
78 112081
79 112065
80 112075
81 112069
82 112065
83 112028
84 112064
85 112068
86 112076
87 112070
88 112071
89 112067
90 112064
91 112064
92 112063
93 112072
94 112067
95 112071
96 112064
97 112069
98 112074
99 112067
100 112069
