1 112060
2 112058
3 112059
4 112066
5 112068
6 112076
7 112078
8 112080
9 112080
10 112073
11 112070
12 112068
13 112085
14 112082
15 112081
16 112075
17 112081
18 112073
19 112079
20 112070
21 112076
22 112086
23 112079
24 112061
25 112075
26 112075
27 112063
28 112081
29 112083
30 112087
31 112086
32 112081
33 112087
34 112082
35 112084
36 112095
37 112094
38 112108
39 112105
40 112093
41 112096
42 112083
43 112094
44 112109
45 112120
46 111945
47 111991
48 112156
49 111957
50 180279
51 111963
52 180152
53 180162
54 180256
55 180238
56 180268
57 112068
58 112075
59 180352
60 112079
61 112076
62 112081
63 112081
64 112076
65 112079
66 112075
67 112069
68 112067
69 112071
70 112071
71 112077
72 112072
73 112069
74 112073
75 112074
76 112067
77 112067
78 112066
79 112071
80 112061
81 112075
82 112067
83 112069
84 112068
85 112063
86 112065
87 112076
88 112068
89 112063
90 112069
91 112069
92 112081
93 112072
94 112075
95 112071
96 112073
97 112084
98 112062
99 112070
100 112068
