1 112198
2 112075
3 112074
4 112070
5 112074
6 112079
7 112076
8 112079
9 112085
10 112093
11 112091
12 112082
13 112087
14 112076
15 112080
16 112083
17 112073
18 112076
19 112076
20 112067
21 112064
22 112078
23 112090
24 112080
25 112086
26 112087
27 112091
28 112094
29 112091
30 112096
31 112116
32 112104
33 112121
34 180212
35 112117
36 180209
37 180103
38 180159
39 180297
40 180318
41 180308
42 180331
43 180308
44 179871
45 180308
46 112073
47 112080
48 180353
49 112081
50 112079
51 112083
52 112067
53 112064
54 112070
55 112073
56 112068
57 112073
58 112070
59 112064
60 112071
61 112065
62 112032
63 112075
64 112077
65 112072
66 112072
67 112077
68 112079
69 112067
70 112029
71 112075
72 112079
73 112079
74 112071
75 112074
76 112075
77 112081
78 112076
79 112081
80 112084
81 112077
82 112090
83 112070
84 112075
85 112077
86 112074
87 112067
88 112071
89 112074
90 112081
91 112079
92 112080
93 112078
94 112085
95 112027
96 112079
97 112083
98 112082
99 112085
100 112083
