180273.80
180276.60
180250.80
180204.40
180224.20
180257.40
180309.80
180260.40
180209.60
180238.20
180282.80
180257.00
180241.60
180212.80
180240.40
180312.00
180264.80
180219.00
180240.40
180262.20
193808.00
197279.80
193753.00
180215.20
180270.80
180257.60
180218.80
180262.20
180295.40
193844.00
197265.60
180273.60
193826.40
220900.20
207411.40
224374.40
220883.40
227804.20
241347.00
251432.60
227871.00
234402.60
251392.00
247894.20
251359.40
251348.60
254925.40
258357.40
234353.60
234250.80
234269.20
237842.60
234280.60
241286.40
241382.40
251358.60
254943.00
247836.00
247887.80
247930.60
251482.80
251397.20
251455.20
258345.80
247907.60
251373.40
247919.60
251394.80
247969.80
254917.60
254810.40
237817.00
254824.20
247959.20
247968.60
247998.80
251361.00
251423.00
251453.40
258440.20
247917.00
251402.00
247957.40
251540.80
251440.60
254899.60
254943.80
251487.00
237969.20
247994.00
247963.60
247920.00
251380.00
237791.80
251431.20
244797.80
234361.60
251460.00
247899.40
251431.80
