177608.60
177565.40
177600.40
177582.40
177549.80
177557.20
177591.60
177606.40
177587.40
177547.20
177537.00
177555.60
177555.80
177537.40
177539.20
177576.00
177608.20
177588.20
177554.40
177569.20
177606.20
177607.60
177575.60
177554.20
177578.60
177615.60
177602.00
177582.60
177588.00
177619.00
177628.80
177614.00
177577.80
191053.80
181104.80
177618.00
177603.80
191089.60
177618.60
204601.60
204530.60
217956.20
231417.20
234957.40
192213.40
208701.80
191021.60
194530.00
191278.80
194820.20
177546.80
177582.60
177550.60
177961.00
177887.20
190972.60
191059.40
177889.20
177877.40
177524.60
177542.20
164614.80
177558.40
177544.60
177537.80
177544.40
177574.40
177591.00
177553.40
177551.80
177583.40
177612.80
177589.20
177555.20
177584.20
177602.00
177584.60
177553.20
177548.00
177561.80
177601.00
177584.40
177574.20
177574.20
177605.60
177604.60
177588.40
177550.40
177572.40
177595.80
177586.40
177552.80
177552.80
177588.60
177604.40
177589.00
177541.00
177572.80
177584.40
177578.60
