112062.60
112065.80
112069.60
112069.00
112075.80
112068.60
112075.80
112072.60
112074.00
112074.80
112072.20
112065.80
112058.60
112063.00
112070.20
112076.80
112070.80
112072.60
112077.20
112076.40
112083.40
112077.20
152949.60
180120.20
180131.00
180173.80
180239.40
180254.80
170153.00
180225.20
180197.40
166467.40
193806.00
180113.00
193763.80
198630.80
180139.00
166579.40
170026.80
152909.20
166442.60
152877.20
139294.00
125704.20
125702.00
125711.60
112059.00
125724.00
139341.20
125666.40
125677.60
125698.80
112052.80
125732.00
125671.80
125670.20
125743.00
125744.00
125757.80
125696.40
125696.80
125758.60
125757.40
112071.80
112069.80
112072.00
125657.40
112071.20
112069.40
112069.80
112071.60
112069.40
112072.80
125699.40
112072.20
112071.20
112070.60
125693.60
112073.40
112071.40
112074.20
112071.00
112073.80
125690.00
112070.60
112075.00
112072.20
112069.40
112071.60
112070.60
112071.80
125696.00
112068.80
125669.40
112070.20
112073.80
112071.00
112074.00
112072.60
112072.40
