244914.80
249921.60
248161.00
254419.60
248007.80
251178.00
244919.60
248020.20
248008.80
247876.00
251894.80
248176.00
251715.20
244696.80
248399.40
244932.20
244842.40
251868.40
248338.00
255384.60
244784.60
251670.00
244845.00
248326.60
248343.60
248278.00
251756.60
248363.00
248343.60
244733.80
248221.00
244870.60
244977.60
251876.60
248291.80
251814.80
244876.60
251990.20
245003.80
248246.40
248338.20
248354.40
251888.60
248285.60
248344.60
244879.80
248402.80
244973.40
244972.40
251965.20
248484.40
251995.80
245003.00
251953.40
245004.40
248478.20
248448.20
248461.20
251979.40
248507.60
248504.00
245012.80
248499.40
245007.60
244999.40
252021.00
248493.40
251980.60
244991.00
251992.60
245015.80
248489.60
248488.80
248491.20
252005.60
248467.00
248480.00
244981.40
248486.40
245011.80
245011.80
251969.00
248469.20
251983.60
245008.20
252001.80
245009.80
248504.20
248491.80
248490.60
255460.80
248514.40
251999.00
245026.00
248492.20
245006.60
248514.60
252000.80
248488.80
251949.20
