112067.60
112070.80
112070.00
112067.20
112064.80
112067.40
112073.20
112071.40
112074.60
112077.60
112075.20
112071.00
112071.20
112071.60
112072.20
112076.00
112070.80
112074.80
112071.60
112080.00
112085.40
112078.20
112081.40
112084.20
112093.60
112100.60
125722.80
112064.20
112071.40
112087.60
112063.00
152868.80
180158.00
166645.60
166583.20
152997.20
166467.80
112033.40
125697.80
125671.20
112077.00
112069.40
112085.00
125632.40
125632.80
112071.40
112075.60
112071.60
125723.80
112071.20
112076.60
112072.60
112073.00
112076.80
112071.80
112072.60
112075.00
112072.80
112073.80
112072.80
112070.20
112067.40
112073.00
112070.60
112067.80
112078.20
112070.40
112071.40
112071.60
112071.60
112069.80
112069.20
112071.00
112070.20
112072.20
112068.60
112069.40
112069.00
112072.40
112070.00
112072.20
112073.60
112069.60
112066.80
112082.60
112071.80
112069.20
112069.40
112066.80
112071.20
112069.20
112071.60
112073.00
112068.40
112076.60
112073.80
112074.60
112075.00
112064.20
112077.60
