112142.20
112073.80
112070.40
112074.20
112072.00
112080.20
112074.20
112076.00
112080.40
112080.60
112072.80
112068.40
112074.80
112071.00
112078.40
112073.60
112081.20
112080.80
112080.60
112075.20
112076.80
112080.40
112084.20
112080.80
112084.80
112086.80
112081.20
112089.80
112085.00
112091.80
112095.00
112094.20
112107.60
125722.00
112111.20
139323.60
139329.80
139336.20
139372.80
152992.60
139336.20
166642.40
152931.00
166533.20
166634.80
153015.20
156544.60
180247.00
142794.60
139353.40
139336.80
139274.60
125685.20
125710.00
125706.40
125708.60
112071.80
112063.60
125726.20
112072.60
112072.40
112063.40
112073.60
112073.00
112072.80
112072.60
112072.60
112076.40
125708.40
112066.40
112076.00
112076.00
112074.00
112074.80
112073.40
112072.80
112083.40
112072.20
112071.60
112072.60
112074.20
112075.80
112063.20
112074.80
112071.80
112077.20
112073.20
112071.00
112068.60
112072.00
112070.80
112073.00
112075.20
112085.00
112064.00
112073.00
112075.40
112074.80
112071.80
112073.20
