112088.60
112067.80
112065.80
112062.40
112068.60
112065.60
112064.20
112063.60
112068.40
112071.40
112075.60
112071.00
112074.00
112070.80
112074.40
112071.80
112071.20
112070.20
112071.00
112078.00
112072.40
112074.20
112071.20
112080.80
112083.40
112084.00
112089.60
112093.80
112099.00
112110.00
112108.00
112046.80
112012.80
112037.40
125715.00
152964.40
139396.40
180306.80
139386.40
152961.40
139312.40
152935.40
125678.20
166628.80
139345.00
112072.20
125693.00
112071.20
125731.40
125689.60
112070.80
112061.80
112073.60
112075.60
112073.60
112073.80
112070.80
112074.20
112076.80
112071.80
112072.40
112075.80
112069.60
112071.60
112077.80
112074.80
112075.40
112076.00
112077.80
112077.60
112078.80
112079.00
112083.00
112083.40
112081.80
112077.20
112080.40
112084.80
112081.40
112079.00
112040.80
112041.40
112081.60
112075.60
112042.80
112042.40
112076.00
112075.80
112074.00
112076.20
112076.20
112076.00
112075.00
112088.20
112079.20
112072.40
112079.20
112078.20
112078.60
112073.40
