112900.20
112877.80
112876.80
112879.00
112876.60
112876.00
112881.80
112882.40
112883.00
112888.40
112891.20
112891.00
112886.60
112887.20
112891.80
112883.80
112881.20
112883.60
112885.00
112888.20
112886.80
112886.40
112884.60
112885.20
112881.80
126177.00
112890.40
112890.60
125817.80
126114.20
139097.20
125817.80
125819.40
125798.20
138970.40
139023.40
164918.20
138786.00
152216.40
178472.20
165632.60
165032.40
151696.80
178506.00
151570.20
151660.00
164670.40
164615.20
178909.00
152729.00
126222.80
112873.80
112879.40
139472.60
139329.60
112880.20
112884.00
126177.60
112877.40
112884.20
112884.20
112873.00
112884.40
112881.80
112879.20
112878.20
112880.00
112878.20
112878.40
112872.60
112878.00
112878.40
112875.40
112874.40
112873.00
112875.80
112875.00
112876.80
112883.00
112880.20
112880.00
112878.40
112880.40
112875.80
112877.80
112879.60
112879.40
112882.00
112880.20
112879.40
112877.20
112879.80
112882.20
112880.40
112878.80
112877.60
112882.80
112880.20
112881.20
112879.80
