112107.80
112073.60
112071.60
112064.00
112069.40
112075.20
112071.20
112072.20
112073.20
112070.60
112066.40
112061.80
112067.00
112065.20
112072.00
112072.00
112066.40
112076.80
112073.00
112080.60
112077.80
112079.40
112089.40
112093.00
112098.00
112098.00
112108.60
112113.60
112128.20
112144.20
112152.60
125755.20
125378.00
111706.20
139358.20
166102.00
139401.80
111715.20
112003.60
112024.00
125661.20
113223.00
125623.40
112039.00
112034.00
112065.80
112018.20
112002.20
112079.00
112065.60
112064.00
112031.80
112033.40
112032.00
112072.20
112066.00
112066.00
112065.80
112067.20
112062.20
112064.80
112067.00
112065.60
112065.80
112063.00
112062.20
112065.60
112062.60
112061.60
112066.60
112065.40
112062.80
112065.60
112063.00
112063.40
112068.20
112055.40
112063.40
112063.40
112064.00
112062.00
112063.80
112067.80
112066.40
112081.00
112065.00
112070.40
112070.00
112031.00
112039.60
112034.20
112038.20
112067.00
112055.20
112033.80
112027.60
112082.80
112093.20
112096.80
112033.20
