112113.00
112068.40
112065.40
112071.40
112073.40
112075.20
112073.00
112074.40
112074.20
112073.40
112072.00
112071.40
112072.80
112084.80
112083.40
112080.80
112076.20
112071.60
112074.60
112072.80
112081.80
112090.60
112088.40
112091.00
112081.60
112083.20
112080.20
112084.40
112092.40
112100.00
112108.20
112112.80
112124.20
112098.80
112028.40
125639.80
125711.20
139412.20
139334.60
125634.40
139382.40
166583.60
176540.20
166712.80
139319.60
139380.60
138859.60
112026.80
111642.80
112025.40
112058.60
112058.20
112062.60
112036.60
112093.00
112065.60
112056.80
125705.40
112071.80
112073.00
112055.40
112049.60
112050.40
112051.60
112056.00
112054.80
112050.00
112065.80
112066.00
112073.00
112072.00
112074.40
112064.00
112046.40
125701.60
125706.60
112055.80
112055.00
112059.40
112062.20
112058.00
112052.20
112068.20
112073.00
112074.00
112067.00
112054.80
112052.40
112054.40
112054.20
112048.60
112057.20
112070.00
112071.40
112073.40
112071.60
112074.00
112064.60
112041.20
112052.40
