112069.20
112065.00
112055.80
112057.80
112062.20
112064.00
112074.00
112075.80
112070.00
112071.20
112070.60
112075.60
112077.20
112074.40
112070.60
112072.00
112071.20
112073.80
112074.60
112071.80
112074.00
112082.60
112087.40
112087.40
112079.00
112092.40
112092.60
112105.00
112120.00
112121.80
112122.60
112143.60
112118.20
112140.60
125741.00
125718.00
112092.20
125631.80
125694.60
152860.20
166533.80
139343.60
125633.40
112015.00
112079.40
112028.40
112035.40
112006.80
112067.40
112068.00
112064.60
112068.20
112066.80
112057.00
112067.80
112070.00
112067.20
112070.00
112073.80
112065.40
112071.20
112069.40
112069.40
112069.00
112069.00
112068.00
112064.20
112066.00
112065.20
112066.00
112055.00
112065.60
112075.60
112061.60
112067.80
112063.40
112067.20
112070.40
112054.80
112066.00
112066.20
112066.20
112063.80
112065.60
112064.00
112063.20
112065.00
112068.00
112066.80
112055.20
112065.80
112065.00
112065.00
112068.20
112064.40
112059.40
112064.60
112068.80
112064.20
112067.00
