112070.80
112070.00
112073.40
112074.00
112076.20
112075.60
112075.40
112074.40
112069.60
112073.40
112071.60
112072.20
112072.40
112074.20
112073.20
112077.40
112076.40
112075.20
112076.80
112074.20
112075.20
112076.60
112081.20
112083.00
112081.60
112080.80
112083.40
112081.80
112089.80
112099.60
112102.60
112109.80
112118.20
112123.20
125726.60
125724.80
139333.20
152953.60
139317.00
180188.60
166577.80
180144.20
180262.60
166691.40
166659.00
139310.00
152973.80
152998.00
125737.60
112101.60
112072.40
112071.60
112101.80
125721.80
112068.80
112078.20
112074.20
112073.60
112072.60
112068.60
112073.80
112059.80
112073.40
112071.00
112075.60
112073.00
112067.80
112075.20
112070.40
112061.20
112068.20
112073.00
112074.20
112078.40
112077.40
112074.80
112076.40
112073.80
112075.40
112072.00
112074.40
112079.00
112075.40
112078.40
112071.40
112078.20
112069.60
112077.80
112073.00
112063.60
112073.40
112070.20
112074.60
112078.00
112081.40
112079.00
112073.80
112073.40
112070.40
112074.20
