112131.20
112063.80
112065.80
112069.00
112071.20
112075.40
112082.40
112073.80
112072.80
112068.00
112065.80
112067.00
112071.00
112073.60
112076.80
112074.40
112073.60
112077.40
112077.40
112076.00
112077.20
112078.40
112083.80
112082.60
112088.00
112088.60
112091.20
112085.40
112086.60
112095.60
112064.60
112070.40
112113.20
112110.60
112086.80
112060.80
112074.20
112116.80
112140.80
125644.60
166551.80
125647.40
153042.40
125655.00
111997.20
112020.20
112082.80
112070.60
112034.00
112036.20
112066.40
112066.20
112069.60
112035.60
112042.60
112063.00
112067.40
112064.20
112062.60
112066.00
112073.00
112075.00
112057.20
112062.80
112064.20
112066.80
112065.20
112067.40
112068.20
112070.60
112058.60
112061.40
112057.40
112060.00
112061.20
112061.60
112060.00
112062.20
112064.60
112076.80
112063.40
112065.00
112063.00
112061.60
112063.80
112065.00
112066.80
112045.60
112064.80
112065.60
112062.60
112065.20
112063.60
112067.60
112070.40
112065.00
112071.60
112067.60
112071.80
112063.40
