1 112059
2 112067
3 112069
4 112068
5 112059
6 112070
7 112071
8 112069
9 112074
10 112079
11 112074
12 112080
13 112072
14 112071
15 112066
16 112067
17 112073
18 112077
19 112074
20 112083
21 112083
22 112085
23 112082
24 112081
25 112089
26 112108
27 112097
28 112116
29 112101
30 112122
31 111956
32 111970
33 180135
34 112025
35 180291
36 180576
37 248108
38 112060
39 180208
40 180241
41 112091
42 112065
43 112072
44 179873
45 179869
46 112074
47 112077
48 112075
49 180351
50 112069
51 112087
52 112085
53 112090
54 112089
55 112080
56 112084
57 112090
58 112075
59 112079
60 112072
61 112069
62 112069
63 112069
64 112067
65 112069
66 112087
67 112075
68 112072
69 112079
70 112073
71 112072
72 112070
73 112074
74 112074
75 112077
76 112076
77 112073
78 112075
79 112081
80 112071
81 112079
82 112076
83 112074
84 112075
85 112071
86 112079
87 112067
88 112079
89 112064
90 112078
91 112072
92 112075
93 112081
94 112070
95 112087
96 112088
97 112087
98 112099
99 112097
100 112110
