1 112057
2 112066
3 112063
4 112062
5 112060
6 112063
7 112066
8 112070
9 112075
10 112077
11 112070
12 112073
13 112080
14 112064
15 112069
16 112075
17 112074
18 112080
19 112069
20 112082
21 112089
22 112086
23 112084
24 112090
25 112100
26 112101
27 112109
28 112093
29 112117
30 111971
31 111966
32 180150
33 180156
34 180592
35 180251
36 112069
37 112075
38 112069
39 112074
40 112074
41 112084
42 112078
43 112079
44 112080
45 112083
46 112082
47 112080
48 112078
49 112078
50 112076
51 112068
52 112070
53 112068
54 112072
55 112071
56 112073
57 112069
58 112077
59 112068
60 112071
61 112073
62 112066
63 112075
64 112072
65 112075
66 112068
67 112062
68 112075
69 112072
70 112070
71 112066
72 112073
73 112068
74 112073
75 112070
76 112066
77 112067
78 112075
79 112075
80 112072
81 112070
82 112073
83 112069
84 112064
85 112070
86 112071
87 112067
88 112073
89 112068
90 112065
91 112072
92 112079
93 112081
94 112072
95 112081
96 112079
97 112079
98 112074
99 112016
100 112078
