1 112091
2 112076
3 112076
4 112068
5 112065
6 112072
7 112082
8 112080
9 112081
10 112089
11 112083
12 112067
13 112069
14 112081
15 112078
16 112090
17 112070
18 112067
19 112070
20 112072
21 112087
22 112069
23 112085
24 112089
25 112099
26 112119
27 180233
28 111923
29 111936
30 112111
31 112129
32 111975
33 180141
34 180131
35 180249
36 180060
37 112080
38 112071
39 112067
40 112070
41 112067
42 112070
43 112072
44 112069
45 112076
46 112067
47 112069
48 112071
49 112067
50 112071
51 112070
52 112070
53 112071
54 112072
55 112069
56 112074
57 112075
58 112069
59 112083
60 112079
61 112072
62 112080
63 112086
64 112076
65 112069
66 112086
67 112076
68 112073
69 112072
70 112070
71 112066
72 112068
73 112065
74 112067
75 112075
76 112071
77 112070
78 112069
79 112072
80 112071
81 112071
82 112075
83 112069
84 112067
85 112077
86 112069
87 112070
88 112070
89 112071
90 112071
91 112067
92 112075
93 112068
94 112069
95 112075
96 112074
97 112074
98 112068
99 112074
100 112071
