1 112059
2 112069
3 112065
4 112059
5 112065
6 112060
7 112080
8 112062
9 112067
10 112069
11 112072
12 112064
13 112064
14 112067
15 112074
16 112077
17 112070
18 112077
19 112071
20 112089
21 112092
22 112077
23 112088
24 112082
25 112097
26 112096
27 112094
28 112110
29 112106
30 112126
31 112131
32 180121
33 180227
34 180285
35 180149
36 112058
37 112058
38 111900
39 112065
40 112060
41 112069
42 112060
43 112060
44 112069
45 112062
46 112064
47 112076
48 112067
49 112053
50 112060
51 112074
52 112063
53 112063
54 112068
55 112060
56 112055
57 112064
58 112059
59 112065
60 112065
61 112063
62 112057
63 112058
64 112069
65 112059
66 112077
67 112071
68 112069
69 112071
70 112077
71 112077
72 112068
73 112072
74 112073
75 112066
76 112063
77 112062
78 112052
79 112067
80 112065
81 112064
82 112069
83 112065
84 112062
85 112054
86 112065
87 112065
88 112056
89 112063
90 112063
91 112064
92 112062
93 112064
94 112059
95 112064
96 112063
97 112057
98 112065
99 112058
100 112057
