1 112072
2 112076
3 112077
4 112079
5 112075
6 112072
7 112067
8 112076
9 112076
10 112074
11 112077
12 112071
13 112071
14 112075
15 112074
16 112071
17 112067
18 112073
19 112074
20 112074
21 112076
22 112074
23 112068
24 112079
25 112083
26 112079
27 112081
28 112079
29 112097
30 112108
31 112133
32 180128
33 180131
34 180195
35 111976
36 180223
37 248018
38 112067
39 112075
40 111911
41 112074
42 112074
43 112142
44 112071
45 112074
46 112070
47 112076
48 112067
49 112070
50 112080
51 112084
52 112075
53 112073
54 112083
55 112079
56 112077
57 112077
58 112084
59 112074
60 112077
61 112074
62 112065
63 112077
64 112069
65 112067
66 112073
67 112068
68 112068
69 112064
70 112068
71 112068
72 112067
73 112076
74 112064
75 112073
76 112067
77 112075
78 112074
79 112067
80 112071
81 112077
82 112075
83 112071
84 112066
85 112141
86 112075
87 112077
88 112069
89 112068
90 112079
91 112071
92 112067
93 112071
94 112072
95 112076
96 112065
97 112076
98 112069
99 112076
100 112072
