1 112061
2 112076
3 112071
4 112065
5 112066
6 112082
7 112078
8 112085
9 112086
10 112086
11 112079
12 112083
13 112072
14 112081
15 112091
16 112084
17 112078
18 112062
19 112061
20 112067
21 112079
22 112092
23 112088
24 112092
25 112084
26 112073
27 112084
28 112074
29 112084
30 112084
31 112087
32 112118
33 112103
34 112122
35 111933
36 111935
37 112143
38 112153
39 112164
40 112016
41 180171
42 180206
43 180124
44 180597
45 180230
46 180264
47 110218
48 112092
49 110322
50 112048
51 112078
52 112076
53 112207
54 112065
55 112070
56 112058
57 112071
58 112074
59 112084
60 112071
61 112083
62 112083
63 112075
64 112073
65 112080
66 112075
67 112070
68 112073
69 112069
70 112066
71 112066
72 112071
73 112067
74 112072
75 112071
76 112071
77 112076
78 112064
79 112068
80 112074
81 112060
82 112067
83 112067
84 112073
85 112082
86 112074
87 112072
88 112073
89 112068
90 112072
91 112068
92 112065
93 112078
94 112070
95 112077
96 112064
97 112075
98 112071
99 112065
100 112073
