1 112073
2 112060
3 112054
4 112062
5 112063
6 112075
7 112068
8 112065
9 112061
10 112064
11 112051
12 112063
13 112064
14 112096
15 112091
16 112086
17 112089
18 112078
19 112079
20 112064
21 112070
22 112083
23 112088
24 112091
25 112100
26 112086
27 112080
28 112076
29 112069
30 112086
31 112093
32 112093
33 112093
34 112094
35 112098
36 112141
37 112112
38 112097
39 112144
40 111942
41 112006
42 180164
43 180141
44 180147
45 180205
46 180254
47 248027
48 112090
49 111933
50 111958
51 112078
52 112070
53 112067
54 111902
55 112069
56 112071
57 112064
58 112024
59 112073
60 112069
61 112065
62 112074
63 112068
64 112069
65 112070
66 112052
67 112065
68 112075
69 112067
70 112083
71 112070
72 112076
73 112078
74 112074
75 112078
76 112073
77 112079
78 112061
79 112072
80 112076
81 112069
82 112066
83 112066
84 112067
85 112069
86 112066
87 112068
88 112073
89 112070
90 112070
91 112027
92 112066
93 112072
94 112072
95 112064
96 112078
97 112070
98 112070
99 112067
100 112071
