1 112188
2 112073
3 112070
4 112079
5 112080
6 112064
7 112069
8 112067
9 112076
10 112074
11 112076
12 112084
13 112078
14 112080
15 112079
16 112083
17 112079
18 112083
19 112094
20 112087
21 112090
22 112087
23 112098
24 112079
25 112084
26 112089
27 112094
28 112120
29 112117
30 112128
31 112126
32 112138
33 112191
34 111993
35 112057
36 180184
37 180170
38 180548
39 180268
40 111934
41 112081
42 112115
43 181935
44 111954
45 112079
46 112076
47 111949
48 111898
49 111901
50 112056
51 112066
52 112061
53 112060
54 112073
55 112066
56 112065
57 112057
58 112062
59 112032
60 112062
61 112067
62 112068
63 112074
64 112070
65 112076
66 112074
67 112032
68 112064
69 112058
70 112071
71 112068
72 112065
73 112059
74 112061
75 180325
76 180339
77 112074
78 112076
79 112072
80 112063
81 112055
82 112067
83 112068
84 112081
85 112070
86 112074
87 112065
88 112071
89 112078
90 112069
91 112068
92 112066
93 112073
94 112073
95 112074
96 112072
97 112069
98 112068
99 112067
100 112068
