1 112184
2 112069
3 112060
4 112074
5 112072
6 112071
7 112068
8 112070
9 112077
10 112076
11 112079
12 112068
13 112075
14 112074
15 112065
16 112059
17 112057
18 112068
19 112073
20 112079
21 112096
22 112098
23 112086
24 112098
25 112073
26 112085
27 112073
28 112086
29 112102
30 112117
31 112121
32 112115
33 112124
34 112152
35 112135
36 112009
37 112003
38 180135
39 180136
40 180286
41 180617
42 180278
43 160298
44 180282
45 112152
46 112257
47 112032
48 111992
49 112112
50 112161
51 112023
52 112044
53 112060
54 112228
55 112235
56 112108
57 112063
58 180335
59 112144
60 112133
61 112035
62 111999
63 112011
64 112024
65 112028
66 112052
67 112065
68 112096
69 112117
70 112120
71 112132
72 112135
73 112093
74 112001
75 112006
76 112021
77 112029
78 112046
79 112062
80 112079
81 112085
82 112037
83 112107
84 112122
85 112125
86 112097
87 112044
88 112022
89 112030
90 112045
91 112055
92 112064
93 112098
94 112116
95 112123
96 112123
97 112130
98 112090
99 111995
100 112029
