1 112059
2 112064
3 112072
4 112077
5 112086
6 112084
7 112082
8 112085
9 112071
10 112067
11 112075
12 112059
13 112075
14 112093
15 112091
16 112092
17 112078
18 112067
19 112066
20 112067
21 112074
22 112093
23 112082
24 112095
25 112067
26 112083
27 112070
28 112066
29 112090
30 112085
31 112114
32 112100
33 112110
34 112133
35 111919
36 111930
37 112128
38 112128
39 111961
40 111994
41 112037
42 180155
43 180203
44 180584
45 111932
46 112052
47 112072
48 112062
49 111946
50 111904
51 112048
52 112040
53 111919
54 111915
55 112025
56 112026
57 112029
58 112032
59 112026
60 112030
61 112027
62 112024
63 112024
64 112022
65 112026
66 112021
67 112018
68 112021
69 112019
70 112025
71 112024
72 112025
73 112023
74 112024
75 112028
76 112029
77 112021
78 112028
79 112023
80 112019
81 112021
82 112024
83 112033
84 112022
85 112024
86 112024
87 112025
88 112023
89 112026
90 112015
91 112025
92 112025
93 112029
94 112026
95 112029
96 112021
97 112026
98 112024
99 112012
100 112021
