» Y T 1 1
« Write OK
260256 
260150 
260192 
260204 
260139 
260576 
269422 
260198 
269387 
260148 
260132 
260194 
260575 
269404 
260157 
269463 
260192 
260196 
260144 
260151 
260207 
260205 
269496 
260138 
269483 
260191 
260202 
260150 
260141 
269502 
260185 
269348 
260125 
260131 
260360 
260011 
260141 
260135 
269256 
260004 
269395 
260148 
260171 
260229 
260236 
269446 
260140 
269715 
260469 
260537 
260522 
260143 
260188 
260195 
269371 
260145 
269442 
260198 
260206 
260142 
260142 
269452 
260202 
269383 
260147 
260148 
260204 
260206 
269413 
260149 
269492 
260193 
260205 
260144 
260135 
260197 
260186 
269356 
260139 
269419 
260201 
260193 
260141 
260143 
269441 
260195 
269388 
260137 
260138 
260194 
260196 
260140 
260146 
269473 
260202 
269419 
260154 
260141 
260198 
260201 
