» Y T 1 1
« Write OK
260191 
260187 
260136 
260134 
269443 
260197 
269400 
260133 
260132 
260188 
260189 
269420 
260126 
269489 
260184 
260192 
260488 
260139 
260193 
260191 
269371 
260144 
269433 
260185 
260191 
260130 
260134 
269471 
260179 
269394 
260116 
260116 
260181 
260185 
269409 
260097 
269477 
260172 
260165 
260480 
260470 
260014 
260006 
269362 
260132 
269414 
260176 
260190 
260122 
260126 
269436 
260183 
269384 
260478 
260421 
260602 
260676 
260113 
260126 
269640 
260173 
269423 
260122 
260121 
260197 
260183 
269352 
260120 
269415 
260180 
260165 
260119 
260125 
260187 
260186 
269384 
260125 
269456 
260186 
260182 
260128 
260119 
269463 
260180 
269399 
260125 
260128 
260179 
260174 
260119 
260128 
269415 
260183 
269353 
260118 
260123 
260184 
260158 
269374 
260116 
