» Y T 1 1
« Write OK
260138 
260131 
260195 
260188 
260132 
260134 
269452 
260192 
269394 
260125 
260133 
260190 
260196 
269419 
260128 
269864 
260195 
260197 
260127 
260136 
260193 
260193 
269322 
260131 
269414 
260190 
260196 
260136 
260128 
269451 
260213 
269382 
260129 
260135 
260194 
260195 
260126 
260124 
269456 
260530 
269416 
260128 
260133 
260201 
260190 
269364 
260112 
269302 
260427 
260071 
260110 
260113 
260477 
260484 
269723 
260123 
269613 
260352 
260354 
260128 
260131 
269469 
260182 
269419 
260116 
260128 
260192 
260192 
260126 
260133 
269416 
260200 
269366 
260128 
260130 
260188 
260185 
269381 
260121 
269449 
260183 
260182 
260128 
260126 
260195 
260184 
269416 
260131 
260126 
260191 
260183 
260111 
260131 
269414 
260175 
269359 
260134 
260143 
260197 
260189 
