» Y T 1 1
« Write OK
260251 
260198 
260194 
269417 
260134 
269482 
260190 
260192 
260139 
260124 
269490 
260187 
269352 
260481 
260117 
260180 
260189 
260137 
260138 
269445 
260549 
269766 
260153 
260139 
260205 
260206 
269432 
260151 
269496 
260205 
260206 
260143 
260156 
260211 
260208 
269376 
260147 
269248 
260012 
260003 
260134 
260144 
269454 
260204 
269402 
260132 
260129 
260186 
260184 
260129 
260127 
269472 
260016 
269406 
260112 
260104 
260402 
260406 
269762 
260521 
269605 
259998 
259986 
260127 
260135 
269437 
260186 
269387 
260128 
260130 
260192 
260191 
260132 
260130 
269479 
260184 
269422 
260098 
260130 
260185 
260189 
269426 
260134 
269498 
260191 
260092 
260129 
260109 
260178 
260159 
269341 
260104 
269422 
260153 
260127 
260089 
260106 
269452 
260180 
269403 
