» Y T 1 1
« Write OK
260224 
260146 
260139 
260200 
260194 
269390 
260136 
269449 
260188 
260185 
260129 
260125 
260191 
260187 
269414 
260115 
269477 
260171 
260186 
260492 
260500 
269420 
260008 
269352 
260121 
260113 
260024 
260200 
260091 
260108 
269419 
260547 
269734 
260417 
260426 
260195 
260316 
269769 
260504 
269837 
260533 
260387 
260467 
260460 
269685 
260532 
269708 
260489 
260485 
260675 
260674 
260485 
260493 
269437 
260188 
269385 
260131 
260134 
260181 
260221 
269402 
260128 
269464 
260182 
260538 
260484 
260481 
260542 
260540 
269784 
260474 
269848 
260536 
260542 
260478 
260480 
269424 
260547 
269743 
260136 
260140 
260190 
260196 
260490 
260132 
269464 
260199 
269410 
260125 
260135 
260179 
260180 
269426 
260117 
269480 
260173 
260173 
260111 
260114 
260173 
