1 244609
2 245030
3 245027
4 261136
5 244589
6 261206
7 245029
8 244668
9 244952
10 244599
11 245029
12 245019
13 262375
14 244590
15 244960
16 245036
17 245025
18 244957
19 244940
20 262463
21 244662
22 262064
23 244956
24 244956
25 245030
26 244687
27 244984
28 244965
29 262431
30 244704
31 244702
32 244649
33 245000
34 245082
35 245129
36 262305
37 244913
38 262607
39 245212
40 244849
41 245142
42 244783
43 244869
44 245072
45 261979
46 244870
47 244927
48 245003
49 245039
50 245017
51 244930
52 262475
53 245105
54 262412
55 244964
56 245021
57 244999
58 245028
59 245020
60 245027
61 262522
62 244994
63 245034
64 245013
65 244959
66 245088
67 245087
68 262470
69 244948
70 262543
71 245005
72 245088
73 244922
74 244952
75 245039
76 244984
77 262411
78 245019
79 244942
80 245082
81 245057
82 244965
83 244914
84 262498
85 245079
86 262440
87 245005
88 245023
89 244994
90 244995
91 262469
92 245020
93 262534
94 245091
95 244998
96 245017
97 245026
98 245092
99 245001
100 262340
