1 244780
2 244661
3 260834
4 244593
5 260816
6 244660
7 244660
8 244954
9 244600
10 260845
11 245024
12 261992
13 244949
14 244593
15 245027
16 245021
17 244600
18 244944
19 262096
20 245026
21 244679
22 244613
23 244606
24 245039
25 245029
26 262060
27 244602
28 262494
29 245027
30 244704
31 244658
32 245035
33 245110
34 245111
35 262257
36 244562
37 244592
38 244830
39 245142
40 244691
41 244808
42 262644
43 245217
44 262118
45 244714
46 244761
47 244931
48 245110
49 245039
50 245029
51 262541
52 245086
53 245061
54 245044
55 245056
56 245097
57 245022
58 262356
59 244958
60 262480
61 245072
62 245078
63 245006
64 244915
65 245053
66 245032
67 262376
68 244970
69 244953
70 245051
71 245028
72 244953
73 245005
74 262484
75 245095
76 262368
77 244916
78 244893
79 245086
80 245033
81 245016
82 244976
83 262418
84 245087
85 245032
86 245026
87 245016
88 245088
89 245037
90 262448
91 245016
92 262443
93 245044
94 245088
95 244990
96 245004
97 262483
98 245086
99 262401
100 244960
