1 245113
2 270311
3 244950
4 260855
5 244663
6 244670
7 244970
8 244589
9 260881
10 244659
11 262383
12 244594
13 244589
14 244676
15 245020
16 244956
17 244590
18 262406
19 245022
20 262385
21 244952
22 244604
23 244678
24 245031
25 262358
26 244616
27 262092
28 244675
29 245026
30 244596
31 244603
32 244680
33 245050
34 262412
35 244646
36 244651
37 244729
38 245094
39 244837
40 244569
41 262183
42 244838
43 262055
44 244703
45 245143
46 244863
47 245039
48 244879
49 244867
50 262498
51 245032
52 245034
53 244892
54 244787
55 245031
56 245029
57 262229
58 244923
59 262530
60 245033
61 245009
62 245002
63 244950
64 245067
65 245038
66 262463
67 245005
68 245001
69 245070
70 245070
71 244947
72 244950
73 262469
74 245018
75 262350
76 244993
77 245002
78 245025
79 245072
80 244950
81 244950
82 262474
83 245032
84 245017
85 244964
86 245018
87 245035
88 245022
89 262376
90 244912
91 262405
92 245073
93 245090
94 244968
95 244979
96 245001
97 245033
98 262350
99 245016
100 244962
