1 244943
2 245022
3 245034
4 260840
5 244954
6 244579
7 245009
8 244654
9 244939
10 244594
11 262058
12 244663
13 261998
14 244599
15 244959
16 244687
17 245043
18 262019
19 244964
20 262459
21 244682
22 244678
23 244958
24 244614
25 244681
26 245042
27 262052
28 244981
29 244622
30 244696
31 244691
32 244966
33 245012
34 262120
35 244745
36 262433
37 245035
38 245084
39 245177
40 244839
41 244710
42 244663
43 262255
44 244801
45 244952
46 244816
47 244855
48 245001
49 245026
50 262264
51 244883
52 262483
53 245082
54 245025
55 244878
56 244874
57 245045
58 245045
59 262358
60 244969
61 244961
62 245037
63 245030
64 244961
65 244911
66 262506
67 245033
68 262431
69 244968
70 244967
71 245090
72 245034
73 245013
74 244968
75 262519
76 245036
77 245039
78 244953
79 244962
80 245029
81 245081
82 262392
83 244952
84 262412
85 245020
86 245066
87 244959
88 244998
89 245095
90 245085
91 262384
92 245012
93 244950
94 245029
95 245029
96 244995
97 245010
98 262468
99 245022
100 262403
