1 245129
2 244584
3 244960
4 244674
5 245017
6 260775
7 244930
8 261236
9 244672
10 244683
11 244980
12 244612
13 244665
14 245026
15 262031
16 244961
17 244954
18 245016
19 244668
20 244590
21 244948
22 262391
23 245027
24 261993
25 244620
26 244985
27 245053
28 244700
29 244612
30 244969
31 262451
32 245023
33 244716
34 244658
35 244682
36 245123
37 245114
38 262336
39 244651
40 262284
41 244848
42 244844
43 245047
44 244734
45 244935
46 245089
47 262262
48 244874
49 244891
50 245018
51 245036
52 244901
53 244875
54 262499
55 245093
56 262370
57 244946
58 244954
59 245031
60 245029
61 244956
62 244953
63 262477
64 245082
65 245036
66 245016
67 244966
68 245031
69 245016
70 262332
71 245009
72 262423
73 245035
74 245034
75 245025
76 244954
77 245032
78 245017
79 262370
80 244965
81 244955
82 245038
83 245030
84 244904
85 244946
86 262459
87 245034
88 262390
89 244957
90 245013
91 245030
92 245024
93 262377
94 244954
95 262465
96 245016
97 245021
98 245008
99 245004
100 245081
