» Y T 1 1
« Write OK
241713 
241527 
241527 
241604 
241594 
241516 
241522 
250868 
241593 
250804 
241531 
241526 
241598 
241594 
241527 
241514 
250899 
241592 
241590 
241529 
241525 
241615 
241597 
250864 
241537 
250834 
241602 
241607 
241514 
241527 
241975 
241970 
251165 
241918 
241908 
242000 
242098 
241931 
241497 
251279 
242002 
250863 
241523 
241540 
241597 
241591 
241531 
241525 
250823 
241964 
241605 
241547 
241537 
241612 
241602 
250800 
241547 
250880 
241611 
241614 
241908 
241545 
241981 
241615 
250845 
241551 
241543 
241611 
241620 
241546 
241552 
250944 
241622 
241615 
241546 
241542 
241606 
241608 
250787 
241525 
250876 
241595 
241599 
241529 
241530 
241593 
241594 
250829 
241530 
241538 
241608 
241606 
241532 
241531 
250927 
241614 
250776 
241529 
241536 
241602 
