» Y T 1 1
« Write OK
241531 
241523 
250874 
241605 
241599 
241534 
241466 
241603 
241593 
250827 
241523 
250906 
241603 
241603 
241545 
241520 
241603 
241612 
250791 
241533 
241542 
241618 
241617 
241526 
241540 
250893 
241984 
251179 
241923 
241938 
241998 
241613 
241565 
241967 
251351 
242125 
242096 
242066 
241422 
241596 
241842 
250997 
241467 
250872 
241591 
241591 
241533 
241522 
241598 
241584 
250799 
241523 
241524 
241606 
241585 
241533 
241524 
250893 
241601 
241594 
241412 
241527 
241612 
241592 
250846 
241520 
250847 
241600 
241599 
241531 
241530 
241604 
241606 
250801 
241509 
241521 
241593 
241590 
241520 
241522 
250890 
241591 
250726 
241538 
241525 
241598 
241474 
241515 
241535 
250910 
241584 
241565 
241519 
241485 
241579 
241544 
250774 
241532 
250901 
241614 
