» Y T 1 1
« Write OK
241736 
241525 
241529 
241597 
241614 
241526 
241530 
250878 
241602 
241998 
241904 
241527 
241594 
241580 
250823 
241523 
250915 
241584 
241595 
241522 
241550 
241600 
241603 
250778 
241530 
241525 
241960 
241597 
241870 
241543 
251250 
241984 
251200 
241894 
241904 
241984 
242057 
241935 
241542 
250908 
241605 
241606 
241528 
241528 
241615 
241603 
250784 
241534 
250848 
241604 
241492 
241534 
241526 
250871 
241598 
250804 
241538 
241537 
241590 
241606 
241517 
241624 
250892 
241605 
241594 
241532 
241530 
241611 
241602 
250779 
241525 
250835 
241623 
241626 
241543 
241536 
241609 
241597 
250807 
241536 
241547 
241614 
241625 
241541 
241539 
250910 
241602 
250847 
241536 
241536 
241603 
241602 
241536 
241536 
250924 
241600 
241595 
241528 
241525 
241596 
