» Y T 1 1
« Write OK
241642 
241536 
241602 
241598 
250825 
241532 
250898 
241599 
241603 
241537 
241532 
241605 
241608 
250759 
241890 
241531 
241598 
241611 
241547 
241534 
250878 
241597 
250804 
241534 
241537 
241595 
241611 
241532 
241526 
250890 
241606 
241600 
241528 
241920 
241987 
242008 
251144 
241886 
251282 
241997 
242010 
241942 
241537 
241598 
241599 
250791 
241534 
241534 
241602 
241603 
241537 
241530 
250891 
241489 
250829 
241536 
241530 
241604 
241596 
241539 
241535 
250927 
241602 
241602 
241528 
241532 
241592 
241612 
250796 
241525 
250872 
241599 
241597 
241525 
241537 
241612 
241602 
250817 
241527 
241534 
241493 
241604 
241523 
241549 
250812 
241611 
250780 
241537 
241539 
241604 
241596 
250878 
241531 
250859 
241599 
241607 
241535 
241542 
241601 
241597 
