» Y T 1 1
« Write OK
241535 
259804 
241593 
241598 
241536 
241536 
241600 
241591 
250816 
241547 
250901 
241599 
241615 
241534 
241533 
241961 
241583 
250735 
241528 
241535 
241606 
241604 
241522 
241529 
250846 
241604 
250795 
241545 
241538 
241606 
241592 
241532 
241535 
250896 
241619 
241612 
241543 
241547 
241608 
241613 
250773 
241559 
250942 
241985 
241631 
241551 
241552 
241976 
241621 
250828 
241608 
241999 
242079 
242079 
242001 
242016 
250982 
241614 
250848 
241542 
241528 
241603 
241605 
241537 
241525 
250920 
241604 
241603 
241529 
241539 
241605 
241603 
250780 
241538 
250862 
241592 
241603 
241532 
241541 
250875 
241602 
250812 
241528 
241530 
241605 
241599 
241534 
241526 
250921 
241603 
241602 
241535 
241535 
241599 
241609 
250784 
241535 
250868 
241611 
241609 
