» Y T 1 1
« Write OK
241724 
241604 
250786 
241418 
250864 
241500 
241597 
241527 
241531 
241596 
241481 
250831 
241524 
241529 
241599 
241610 
241533 
241528 
250919 
241604 
251121 
241522 
241519 
241593 
241605 
250783 
241516 
250856 
241593 
241596 
241530 
241533 
241595 
241588 
250820 
241523 
241538 
241601 
241604 
241546 
241539 
250922 
241596 
250863 
241548 
241550 
241985 
241623 
241907 
241549 
250883 
241619 
241634 
241582 
241594 
242051 
242075 
251288 
242009 
251295 
242075 
241977 
241570 
241551 
241487 
241600 
250752 
241528 
241525 
241595 
241594 
241530 
241533 
250866 
241630 
250817 
241553 
241550 
241622 
241578 
241526 
241523 
250885 
241596 
241602 
241527 
241538 
241609 
241609 
250769 
241530 
250929 
241608 
241598 
241527 
241525 
241602 
241602 
250780 
241537 
