» Y T 1 1
« Write OK
241652 
259799 
241596 
241595 
241530 
241528 
241594 
241598 
250820 
241425 
250899 
241600 
241596 
241536 
241525 
241586 
241590 
250851 
241533 
241528 
241594 
241593 
241525 
241541 
250870 
241608 
250803 
241531 
241532 
241607 
241602 
241539 
241542 
250898 
241612 
241601 
241542 
241560 
241614 
241629 
250778 
241548 
250948 
241618 
241622 
241556 
241598 
242036 
242064 
251267 
241991 
242006 
242029 
241614 
241411 
241532 
250874 
241597 
250824 
241526 
241523 
241606 
241482 
250835 
241529 
250914 
241597 
241600 
241518 
241528 
241601 
241594 
250674 
241532 
241536 
241603 
241602 
241538 
241535 
250874 
241603 
250816 
241524 
241525 
241596 
241603 
241518 
241533 
250804 
241598 
241586 
241535 
241521 
241590 
241596 
250855 
241521 
250845 
241594 
241590 
