» Y T 1 1
« Write OK
241521 
241523 
241596 
241592 
241517 
241515 
250848 
241554 
241587 
241528 
241520 
241593 
241594 
250819 
241532 
250894 
241589 
241584 
241508 
241510 
241592 
241592 
250830 
241504 
241501 
241575 
241579 
241522 
241518 
250843 
241580 
250767 
241550 
241516 
241587 
241580 
241501 
241499 
250852 
241570 
241621 
241520 
241524 
241589 
241609 
250849 
241552 
250971 
241675 
241697 
242018 
241887 
241998 
241597 
250868 
241520 
241527 
241592 
241604 
241540 
241532 
250897 
241643 
251243 
241586 
241580 
241645 
241599 
250842 
241540 
250926 
241968 
241610 
241554 
241538 
241632 
241640 
250816 
241561 
241567 
241627 
241601 
241538 
241534 
250883 
241592 
250807 
241519 
241518 
241594 
241635 
241567 
241564 
250951 
241626 
241628 
241549 
241546 
241594 
241605 
