» Y T 1 1
« Write OK
241708 
241527 
241533 
241584 
241593 
250809 
241520 
241523 
241603 
241600 
241528 
241529 
250907 
241478 
250835 
241529 
241524 
241602 
241596 
241524 
241519 
250853 
241602 
241604 
241540 
241530 
241594 
241602 
250796 
241525 
250889 
241621 
241623 
241555 
241548 
241623 
241609 
251123 
241535 
241547 
241628 
241623 
241562 
241556 
250887 
241635 
250822 
241971 
241992 
242072 
242072 
251282 
241901 
250908 
241594 
241584 
241519 
241532 
241605 
241606 
250840 
241538 
241538 
241971 
241970 
241538 
241534 
250843 
241592 
250869 
241526 
241524 
241597 
241594 
241538 
241536 
250882 
241602 
241602 
241545 
241563 
241634 
241651 
250887 
241577 
250943 
241640 
241638 
241573 
241567 
241622 
241626 
250804 
241560 
241555 
241632 
241633 
241567 
241563 
250904 
