» Y T 1 1
« Write OK
241722 
259750 
241537 
250778 
241607 
241598 
241538 
241535 
241604 
241604 
250847 
241543 
241531 
241608 
241600 
241519 
241542 
250934 
241603 
250785 
241528 
241534 
241602 
241613 
250811 
241533 
250890 
241603 
241598 
241533 
241538 
241617 
241619 
250855 
241544 
241540 
241973 
241625 
241551 
241560 
250957 
241624 
250816 
241551 
241944 
242045 
242064 
242014 
242001 
251360 
241968 
241597 
241526 
241539 
241600 
241606 
250833 
241516 
250902 
241607 
241612 
241545 
241556 
241623 
241615 
250790 
241544 
241550 
241618 
241632 
241575 
241557 
250918 
242002 
251206 
241525 
241513 
241593 
241598 
241540 
241537 
250915 
241603 
241621 
241539 
241541 
241606 
241630 
250808 
241543 
250857 
241596 
241606 
241533 
241534 
241613 
241617 
250707 
241538 
241544 
