» Y T 1 1
« Write OK
241525 
241586 
241598 
241530 
241526 
250875 
241607 
250817 
241534 
241540 
241602 
241608 
241528 
241539 
250922 
241603 
241608 
241534 
241547 
241614 
241627 
250809 
241552 
250881 
241982 
241614 
241548 
241575 
242016 
242034 
251263 
241992 
241977 
242094 
242060 
241990 
241658 
251062 
241713 
250745 
241579 
241537 
241668 
241723 
250920 
241524 
250683 
241617 
241580 
241390 
241493 
241565 
241566 
250663 
241501 
241380 
241568 
241566 
241494 
241493 
250873 
241568 
250806 
241386 
241388 
241454 
241458 
241388 
241499 
250704 
241563 
241564 
241500 
241382 
241573 
241453 
250763 
241493 
250849 
241455 
241564 
241495 
241383 
241570 
241574 
250808 
241497 
241503 
241460 
241578 
241507 
241501 
250894 
241564 
250744 
241380 
241492 
241572 
241568 
241382 
