1 112167
2 112060
3 112055
4 112061
5 112066
6 112063
7 112067
8 112073
9 112061
10 112066
11 112075
12 112070
13 112072
14 112047
15 112073
16 112069
17 112069
18 112076
19 112067
20 112086
21 112078
22 112076
23 112075
24 112087
25 112107
26 112092
27 112116
28 112095
29 112124
30 112157
31 112157
32 112176
33 180296
34 111987
35 180167
36 180189
37 180563
38 110251
39 111929
40 112082
41 112078
42 112131
43 111899
44 112071
45 112078
46 112071
47 111904
48 111906
49 112075
50 112067
51 112060
52 112070
53 112059
54 112060
55 112066
56 112064
57 112059
58 112063
59 112063
60 112063
61 112066
62 112065
63 112061
64 112065
65 112068
66 112065
67 112064
68 112068
69 112057
70 112066
71 112074
72 112054
73 112057
74 112066
75 112063
76 112063
77 112064
78 112059
79 112065
80 112063
81 112066
82 112067
83 112065
84 112060
85 112061
86 112066
87 112074
88 112061
89 112063
90 112073
91 112064
92 112063
93 112074
94 112068
95 112069
96 112071
97 112072
98 112066
99 112075
100 112065
