1 112063
2 112073
3 112070
4 112071
5 112071
6 112101
7 112092
8 112077
9 112073
10 112065
11 112055
12 112059
13 112060
14 112061
15 112065
16 112063
17 112049
18 112053
19 112064
20 112071
21 112083
22 112085
23 112082
24 112071
25 112089
26 112097
27 112089
28 112089
29 112080
30 112085
31 112104
32 112126
33 112108
34 112119
35 112145
36 112126
37 112169
38 112193
39 112010
40 112017
41 180173
42 117965
43 180196
44 111932
45 111912
46 112075
47 112067
48 111917
49 112125
50 112073
51 112074
52 111899
53 111903
54 111905
55 112078
56 112066
57 112074
58 112067
59 112069
60 112068
61 112062
62 112061
63 112061
64 112072
65 112057
66 112058
67 112067
68 112059
69 112059
70 112064
71 112062
72 112063
73 112059
74 112065
75 112050
76 112062
77 112075
78 112057
79 112058
80 112065
81 112057
82 112064
83 112061
84 112071
85 112059
86 112063
87 112067
88 112060
89 112064
90 112070
91 112057
92 112062
93 112065
94 112063
95 112068
96 112062
97 112063
98 112057
99 112062
100 112071
