1 112069
2 112101
3 112076
4 112053
5 112059
6 112067
7 112063
8 112072
9 112074
10 112063
11 112060
12 112064
13 112074
14 112063
15 112081
16 112069
17 112069
18 112085
19 112094
20 112089
21 112085
22 112081
23 112101
24 112108
25 112107
26 112107
27 112121
28 112119
29 112154
30 112181
31 112180
32 112172
33 112034
34 112044
35 180140
36 248107
37 112028
38 111935
39 111922
40 112058
41 112061
42 111891
43 111892
44 112062
45 112057
46 112064
47 112062
48 112057
49 112057
50 112062
51 112058
52 112068
53 112064
54 112062
55 112063
56 112065
57 112070
58 112061
59 112060
60 112063
61 112058
62 112064
63 112065
64 112058
65 112055
66 112057
67 112065
68 112060
69 112068
70 112075
71 112067
72 112065
73 112079
74 112066
75 112070
76 112077
77 112069
78 112068
79 112062
80 112064
81 112052
82 112057
83 112067
84 112060
85 112072
86 112059
87 112058
88 112059
89 112057
90 112067
91 112058
92 112055
93 112066
94 112057
95 112063
96 112063
97 112060
98 112053
99 112062
100 112062
