1 112180
2 112071
3 112086
4 112071
5 112078
6 112080
7 112071
8 112073
9 112075
10 112084
11 112071
12 112065
13 112065
14 112062
15 112066
16 112078
17 112059
18 112081
19 112069
20 112076
21 112069
22 112074
23 112086
24 112093
25 112085
26 112095
27 112100
28 112116
29 112125
30 112134
31 112133
32 112162
33 112148
34 112154
35 112189
36 110181
37 180201
38 112153
39 112088
40 111904
41 111918
42 112058
43 112058
44 112064
45 112064
46 112055
47 111998
48 112061
49 112069
50 112059
51 112067
52 112056
53 112071
54 112073
55 112088
56 112072
57 112064
58 112071
59 112072
60 112069
61 112070
62 112069
63 112063
64 112066
65 112062
66 112060
67 112067
68 112060
69 112061
70 112064
71 112066
72 112062
73 112066
74 112053
75 112065
76 112065
77 112064
78 112068
79 112056
80 112058
81 112067
82 112057
83 112074
84 112069
85 112072
86 112073
87 112082
88 112090
89 112071
90 112083
91 111932
92 111936
93 112083
94 112080
95 111909
96 111927
97 112164
98 112057
99 112041
100 111901
