1 112060
2 112063
3 112071
4 112064
5 112073
6 112065
7 112063
8 112066
9 112083
10 112075
11 112071
12 112051
13 112064
14 112093
15 112075
16 112081
17 112086
18 112089
19 112071
20 112081
21 112074
22 112081
23 112103
24 112106
25 112102
26 112099
27 112117
28 112149
29 112158
30 112164
31 112189
32 180140
33 110304
34 110227
35 112150
36 179907
37 112048
38 112044
39 112069
40 112059
41 112076
42 112070
43 112072
44 112066
45 112059
46 112064
47 112060
48 112070
49 112069
50 112067
51 112061
52 112066
53 112070
54 112060
55 112066
56 112063
57 112063
58 112067
59 112072
60 112048
61 112068
62 112076
63 112078
64 112068
65 112073
66 112071
67 112065
68 112066
69 112063
70 112064
71 112058
72 112070
73 112067
74 112065
75 112069
76 112074
77 112005
78 112065
79 112076
80 112070
81 112068
82 112074
83 112072
84 112072
85 112141
86 112064
87 112071
88 112080
89 111900
90 111905
91 112060
92 112075
93 112047
94 112008
95 112060
96 112015
97 112055
98 112233
99 112244
100 112067
