1 112072
2 112065
3 112073
4 112078
5 112068
6 112077
7 112084
8 112082
9 112082
10 112081
11 112080
12 112077
13 112077
14 112080
15 112070
16 112072
17 112067
18 112079
19 112070
20 112085
21 112082
22 112082
23 112087
24 112082
25 112089
26 112085
27 112089
28 112100
29 112104
30 112119
31 112106
32 112116
33 112129
34 112132
35 112157
36 112146
37 180122
38 180161
39 180129
40 180297
41 180276
42 248072
43 180305
44 180231
45 180246
46 112076
47 112068
48 112066
49 112073
50 112070
51 112075
52 112071
53 112068
54 112076
55 112067
56 112082
57 112078
58 112078
59 112064
60 112063
61 112068
62 112020
63 112070
64 112073
65 112075
66 112074
67 112076
68 112085
69 112061
70 112015
71 112064
72 112071
73 112077
74 112076
75 112074
76 112081
77 112072
78 112084
79 112076
80 112065
81 112063
82 112066
83 112080
84 112083
85 112074
86 112082
87 112039
88 112066
89 112070
90 112067
91 112066
92 112066
93 112066
94 112071
95 112048
96 112074
97 112070
98 112071
99 112068
100 112069
