1 112077
2 112085
3 112079
4 112073
5 112079
6 112069
7 112058
8 112061
9 112060
10 112063
11 112065
12 112070
13 112061
14 112078
15 112074
16 112078
17 112076
18 112074
19 112077
20 112066
21 112070
22 112070
23 112069
24 112084
25 112072
26 112080
27 112073
28 112079
29 112071
30 112085
31 112086
32 112097
33 112100
34 112099
35 112111
36 112112
37 112121
38 112145
39 112131
40 180258
41 180134
42 180154
43 180198
44 180251
45 180391
46 111999
47 180289
48 180284
49 112072
50 112071
51 112071
52 112074
53 112072
54 112078
55 112071
56 112079
57 112081
58 112070
59 112074
60 112072
61 112073
62 112064
63 112078
64 112076
65 112074
66 112071
67 112087
68 112081
69 112075
70 112074
71 112068
72 112078
73 112067
74 112077
75 112081
76 112075
77 112080
78 112070
79 112074
80 112072
81 112077
82 112083
83 112073
84 112074
85 112071
86 112088
87 112075
88 112081
89 112070
90 112071
91 112074
92 112083
93 112084
94 112082
95 112085
96 112078
97 112074
98 112068
99 112072
100 112071
