1 112062
2 112060
3 112076
4 112084
5 112090
6 112083
7 112072
8 112056
9 112051
10 112066
11 112068
12 112067
13 112076
14 112071
15 112071
16 112080
17 112084
18 112081
19 112082
20 112079
21 112083
22 112073
23 112082
24 112084
25 112098
26 112095
27 112108
28 112102
29 112105
30 112126
31 112121
32 112138
33 112143
34 112149
35 180124
36 180131
37 180172
38 180194
39 180220
40 248086
41 180307
42 180288
43 180315
44 112061
45 112071
46 112108
47 112114
48 112104
49 112084
50 112080
51 112070
52 112070
53 112075
54 112076
55 112074
56 112078
57 112075
58 112080
59 112073
60 112068
61 112078
62 112076
63 112077
64 112074
65 112076
66 112073
67 112069
68 112070
69 112071
70 112068
71 112066
72 112070
73 112081
74 112084
75 112080
76 112080
77 112070
78 112075
79 112077
80 112079
81 112066
82 112087
83 112075
84 112079
85 112077
86 112071
87 112072
88 112067
89 112078
90 112078
91 112076
92 112073
93 112067
94 112071
95 112071
96 112074
97 112082
98 112079
99 112071
100 112068
