1 112075
2 112077
3 112082
4 112067
5 112068
6 112062
7 112074
8 112078
9 112077
10 112073
11 112075
12 112075
13 112076
14 112076
15 112074
16 112070
17 112068
18 112065
19 112082
20 112064
21 112073
22 112078
23 112077
24 112078
25 112073
26 112078
27 112074
28 112067
29 112079
30 112078
31 112099
32 112086
33 112101
34 112109
35 112115
36 112123
37 112130
38 180124
39 111981
40 180152
41 180168
42 180221
43 180353
44 180721
45 180347
46 180140
47 180142
48 180375
49 180332
50 112202
51 112076
52 112068
53 112224
54 180312
55 112067
56 112084
57 112075
58 112068
59 112074
60 112067
61 112079
62 112070
63 112080
64 112072
65 112080
66 112075
67 112041
68 112072
69 112073
70 112075
71 112074
72 112073
73 112077
74 112080
75 112080
76 112071
77 112078
78 112073
79 112072
80 112071
81 112081
82 112076
83 112071
84 112070
85 112065
86 112070
87 112077
88 112104
89 112077
90 112031
91 112078
92 112060
93 112077
94 112104
95 112132
96 112093
97 112072
98 112078
99 112067
100 112087
