1 112068
2 112063
3 112057
4 112068
5 112076
6 112087
7 112089
8 112095
9 112078
10 112084
11 112070
12 112072
13 112072
14 112066
15 112077
16 112087
17 112087
18 112077
19 112073
20 112077
21 112068
22 112080
23 112091
24 112087
25 112076
26 112066
27 112073
28 112061
29 112090
30 112090
31 112101
32 112112
33 112118
34 112127
35 112126
36 112112
37 112121
38 112144
39 112124
40 112150
41 112004
42 111986
43 180142
44 180193
45 180240
46 180227
47 180256
48 180161
49 112127
50 112085
51 112070
52 112075
53 112070
54 112067
55 112065
56 112068
57 112062
58 112072
59 112078
60 112073
61 112071
62 112069
63 112062
64 112060
65 112073
66 112072
67 112066
68 112068
69 112072
70 112074
71 112069
72 112073
73 112069
74 112075
75 112072
76 112067
77 112082
78 112067
79 112078
80 112073
81 112085
82 112083
83 112078
84 112086
85 112070
86 112080
87 112085
88 112071
89 112070
90 112071
91 112073
92 112069
93 112079
94 112062
95 112071
96 112076
97 112071
98 112071
99 112074
100 112076
