1 112077
2 112045
3 112011
4 112027
5 112042
6 112062
7 112072
8 112069
9 112061
10 112065
11 112063
12 112065
13 112073
14 112076
15 112072
16 112061
17 112072
18 112054
19 112079
20 112070
21 112070
22 112075
23 112082
24 112082
25 112066
26 112070
27 112077
28 112086
29 112103
30 112088
31 112091
32 112090
33 112101
34 112132
35 112149
36 112122
37 112167
38 112160
39 112188
40 180102
41 180179
42 112135
43 180236
44 112127
45 112069
46 111928
47 111924
48 112114
49 112076
50 112081
51 112069
52 112069
53 112076
54 112066
55 112061
56 112069
57 112064
58 112067
59 112072
60 112058
61 112066
62 112059
63 112068
64 112068
65 112065
66 112073
67 112063
68 112063
69 112068
70 112068
71 112062
72 112061
73 112125
74 112056
75 112068
76 112068
77 112080
78 112070
79 112067
80 112072
81 112072
82 112063
83 112060
84 112055
85 112055
86 112071
87 112064
88 112069
89 112074
90 112004
91 112067
92 112072
93 112069
94 112077
95 112073
96 112075
97 112068
98 112068
99 112068
100 112070
