1 112059
2 112068
3 112062
4 112070
5 112071
6 112059
7 112065
8 112074
9 112070
10 112068
11 112070
12 112088
13 112074
14 112072
15 112076
16 112079
17 112069
18 112068
19 112058
20 112073
21 112069
22 112084
23 112076
24 112077
25 112065
26 112093
27 112088
28 112085
29 112096
30 112089
31 112110
32 112131
33 112134
34 112107
35 111964
36 112127
37 112156
38 112003
39 112082
40 180102
41 180102
42 180221
43 111915
44 111912
45 112129
46 112070
47 112064
48 111889
49 112063
50 112067
51 112059
52 112073
53 112066
54 112060
55 112067
56 112067
57 112059
58 112068
59 112072
60 112064
61 112073
62 112074
63 112070
64 112072
65 112070
66 112063
67 112069
68 112064
69 112066
70 112065
71 112061
72 112065
73 112060
74 112065
75 112066
76 112062
77 112064
78 112069
79 112061
80 112061
81 112065
82 112071
83 112066
84 112066
85 112068
86 112058
87 112069
88 112073
89 112062
90 112065
91 112065
92 112064
93 112060
94 112068
95 112060
96 112067
97 112065
98 112069
99 112063
100 112066
