1 112078
2 112068
3 112054
4 112050
5 112053
6 112067
7 112076
8 112078
9 112071
10 112081
11 112072
12 112075
13 112075
14 112078
15 112072
16 112063
17 112067
18 112081
19 112081
20 112068
21 112075
22 112088
23 112089
24 112080
25 112075
26 112087
27 112090
28 112117
29 112101
30 112106
31 112116
32 112132
33 112187
34 112127
35 112171
36 112079
37 112127
38 111933
39 112056
40 180102
41 180221
42 112073
43 112064
44 112066
45 112068
46 112069
47 112064
48 112060
49 112066
50 112073
51 112066
52 112072
53 112070
54 112064
55 112066
56 112065
57 112066
58 112068
59 112076
60 112072
61 112070
62 112070
63 112071
64 112074
65 112072
66 112073
67 112064
68 112066
69 112070
70 112066
71 112074
72 112068
73 112063
74 112060
75 112066
76 112063
77 112064
78 112072
79 112070
80 112068
81 112065
82 112066
83 112064
84 112072
85 112067
86 112062
87 112062
88 112067
89 112074
90 112073
91 112068
92 112066
93 112061
94 112062
95 112066
96 112068
97 112060
98 112073
99 112065
100 112063
