1 112066
2 112072
3 112074
4 112071
5 112068
6 112063
7 112070
8 112076
9 112079
10 112072
11 112074
12 112074
13 112074
14 112082
15 112059
16 112075
17 112075
18 112080
19 112088
20 112064
21 112090
22 112071
23 112096
24 112102
25 112081
26 112104
27 112095
28 112105
29 112113
30 112144
31 112130
32 112169
33 112152
34 112170
35 112070
36 180206
37 112077
38 180137
39 111926
40 111928
41 112065
42 112068
43 111894
44 111896
45 112068
46 112006
47 112064
48 111903
49 112064
50 112058
51 112064
52 112060
53 112057
54 112021
55 112072
56 112075
57 112073
58 112067
59 112081
60 112066
61 112072
62 112070
63 112072
64 112060
65 112070
66 112061
67 112060
68 112066
69 112055
70 112060
71 112014
72 112064
73 112062
74 112057
75 112070
76 112056
77 112062
78 112068
79 112017
80 112058
81 112064
82 112064
83 112061
84 112069
85 112063
86 112064
87 112064
88 112065
89 112062
90 112064
91 112067
92 112062
93 112061
94 112064
95 112064
96 112019
97 112064
98 112065
99 112066
100 112062
