1 112066
2 112072
3 112078
4 112071
5 112077
6 112069
7 112087
8 112082
9 112069
10 112070
11 112074
12 112076
13 112090
14 112064
15 112074
16 112082
17 112073
18 112086
19 112067
20 112084
21 112066
22 112095
23 112094
24 112096
25 112108
26 112108
27 112113
28 112132
29 112187
30 112182
31 112166
32 112196
33 112017
34 112167
35 180351
36 112056
37 111934
38 111926
39 180221
40 112067
41 180102
42 180221
43 112058
44 112074
45 112063
46 112069
47 112061
48 112068
49 112068
50 112061
51 112065
52 112067
53 112065
54 112074
55 112073
56 112074
57 112074
58 112080
59 112068
60 112067
61 112075
62 112074
63 112066
64 112071
65 112068
66 112070
67 112065
68 112071
69 112067
70 112071
71 112064
72 112070
73 112068
74 112070
75 112069
76 112068
77 112066
78 112073
79 112059
80 112071
81 112065
82 112067
83 112068
84 112066
85 112067
86 112061
87 112066
88 112066
89 112062
90 112070
91 112062
92 112061
93 112074
94 112070
95 112059
96 112068
97 112066
98 112069
99 112059
100 112074
