» Y T 1 1
« Write OK
260121 
278426 
260184 
260537 
260113 
260113 
260168 
260177 
269364 
260110 
269436 
260534 
260190 
260129 
260124 
269467 
260193 
269424 
260145 
260137 
260191 
260185 
260132 
260134 
269368 
260195 
269381 
260147 
260137 
260189 
260197 
269397 
260189 
269246 
260278 
260029 
260157 
260143 
260019 
260037 
269435 
260158 
269318 
260035 
260060 
260145 
260132 
269282 
260056 
269345 
260468 
260484 
260550 
260695 
260130 
260104 
269440 
260178 
269386 
260126 
260129 
260181 
260194 
269404 
260127 
269472 
260181 
260188 
260130 
260119 
269484 
260181 
269353 
260128 
260125 
260190 
260189 
260136 
260127 
269436 
260184 
269399 
260134 
260122 
260180 
260182 
269402 
260118 
269446 
260183 
260185 
260124 
260130 
260178 
260196 
269345 
260122 
269406 
260177 
260190 
