» Y T 1 1
« Write OK
260390 
260206 
269371 
260128 
260129 
260190 
260187 
269398 
260132 
269450 
260182 
260186 
260126 
260136 
260008 
260019 
269329 
260121 
269303 
260003 
260199 
260138 
260145 
269434 
260202 
269381 
260142 
260140 
260475 
260488 
260528 
260494 
269242 
259976 
269394 
260122 
260116 
260179 
260171 
269400 
260105 
269464 
260174 
260169 
260114 
260120 
269410 
260176 
269347 
260114 
260119 
260180 
260332 
260479 
260468 
269584 
260171 
269733 
260460 
260464 
260526 
260523 
269391 
260137 
269495 
260561 
260202 
260147 
260144 
260210 
260197 
269367 
260141 
269432 
260191 
260180 
260116 
260121 
269431 
260171 
269370 
260112 
260123 
260175 
260191 
260138 
260139 
269484 
260208 
269426 
260138 
260139 
260196 
260187 
269361 
260125 
269432 
260176 
260183 
260118 
