» Y T 1 1
« Write OK
260250 
260139 
260195 
260194 
260132 
260139 
269424 
260270 
269376 
260136 
260140 
260199 
260200 
269395 
260124 
269448 
260554 
260210 
260147 
260141 
269463 
260185 
269415 
260138 
260140 
260189 
260183 
260133 
260121 
269408 
260192 
269358 
260208 
260126 
260184 
260006 
269365 
260121 
269259 
260001 
260000 
260131 
260130 
260177 
260192 
269414 
260140 
269507 
260209 
260441 
260141 
260137 
269776 
260478 
269810 
260115 
260110 
260158 
260170 
260108 
260114 
269775 
260522 
269726 
260476 
260468 
260532 
260535 
269746 
260473 
269814 
260179 
260531 
260472 
260476 
260163 
260177 
269334 
260125 
269572 
260351 
260197 
260138 
260137 
269443 
260198 
269759 
260141 
260504 
260201 
260570 
260499 
260496 
269464 
260363 
269425 
260139 
260132 
260197 
260200 
