» Y T 1 1
« Write OK
260214 
260143 
260140 
260188 
260192 
269402 
260494 
269481 
260191 
260196 
260138 
260124 
260552 
260207 
269364 
260142 
269589 
260189 
260184 
260134 
260138 
269444 
260193 
269390 
260131 
260126 
259988 
259990 
260141 
260130 
269260 
260170 
269400 
260112 
260111 
260177 
260168 
269311 
260463 
269827 
260176 
260197 
260135 
260132 
269421 
260430 
269751 
260615 
260487 
260618 
260352 
260154 
260162 
269625 
260347 
269449 
260165 
260181 
260331 
260229 
269456 
260159 
269381 
260436 
260400 
260174 
260156 
259979 
260142 
269320 
260067 
269390 
260498 
260154 
260090 
260100 
269626 
260355 
269436 
260141 
260153 
260220 
260181 
260164 
260169 
269446 
260212 
269363 
260097 
260087 
260146 
260155 
269338 
260101 
269405 
260178 
260193 
260138 
260140 
260201 
