» Y T 1 1
« Write OK
260218 
260137 
269419 
260205 
269365 
260139 
260136 
260188 
260124 
269375 
260130 
269456 
260552 
260196 
260132 
260135 
260557 
260203 
269419 
260134 
269484 
260195 
260191 
260123 
260130 
269496 
260201 
269364 
260133 
260123 
260190 
260183 
260132 
260140 
269436 
260176 
269379 
260125 
260134 
260197 
260208 
269417 
260127 
269473 
260203 
260229 
260163 
260179 
260505 
260446 
269802 
260119 
269205 
259973 
259975 
260126 
260131 
269219 
259972 
269274 
260135 
260145 
260187 
260194 
260132 
260141 
269472 
260190 
269428 
260125 
260137 
260189 
260189 
269346 
260134 
269414 
260193 
260199 
260141 
260137 
269424 
260194 
269383 
260123 
260135 
260170 
260190 
260129 
260125 
269463 
260193 
269418 
260133 
260129 
260196 
260192 
269431 
260128 
269408 
260193 
