» Y T 1 1
« Write OK
260307 
260126 
260128 
269440 
260181 
269398 
260127 
260217 
260185 
260188 
260121 
260126 
269841 
260190 
269424 
260128 
260117 
260560 
260207 
269365 
260137 
269420 
260182 
260191 
260043 
260134 
269438 
260181 
269380 
260125 
260130 
260186 
260222 
260131 
260116 
269471 
260170 
269411 
260132 
260140 
260192 
260196 
269355 
260127 
269256 
260029 
260060 
260159 
260166 
260449 
260435 
269397 
260499 
269653 
260523 
260358 
260134 
260125 
269637 
260187 
269404 
260128 
260127 
260182 
260197 
260139 
260128 
269409 
260185 
269353 
260130 
260106 
260186 
260193 
269381 
260133 
269438 
260185 
260191 
260134 
260131 
260187 
260191 
269411 
260130 
269462 
260192 
260181 
260132 
260134 
269499 
260202 
269361 
260122 
260128 
260188 
260190 
260132 
260125 
269433 
