» Y T 1 1
« Write OK
260135 
260203 
260195 
269393 
260134 
269461 
260277 
260194 
260127 
260138 
269485 
260200 
269422 
260108 
260139 
260199 
260200 
260139 
260134 
269794 
260208 
269377 
260134 
260134 
260183 
260191 
269379 
260137 
269453 
260197 
260188 
260212 
260139 
260187 
259988 
269414 
260127 
269289 
259988 
260175 
260121 
260119 
269482 
260178 
269356 
260119 
260110 
260173 
260168 
260106 
260101 
269432 
260171 
269374 
260104 
260438 
260490 
260460 
269686 
260438 
269674 
260492 
260490 
260432 
260022 
269396 
260198 
269359 
260130 
260144 
260191 
260200 
260134 
260142 
269445 
260205 
269406 
260504 
260515 
260574 
260554 
269774 
260134 
269475 
260199 
260195 
260134 
260138 
260188 
260192 
269360 
260122 
269772 
260174 
260184 
260118 
260133 
269428 
260191 
269374 
