» Y T 1 1
« Write OK
260328 
260130 
269424 
260189 
260186 
260122 
260132 
269440 
260542 
269384 
260496 
260476 
260559 
260560 
260146 
260144 
269479 
260196 
269414 
260135 
260128 
260188 
260190 
269356 
260130 
269421 
260188 
260174 
260115 
260122 
260174 
260196 
269384 
260136 
269450 
260190 
260181 
260116 
260112 
269286 
260001 
269411 
260117 
260134 
260183 
260191 
260173 
260115 
269493 
260173 
269354 
260122 
260130 
260187 
260197 
269373 
260123 
269733 
260466 
260469 
260464 
260138 
260201 
260188 
269417 
260127 
269479 
260188 
260175 
260134 
260126 
269491 
260187 
269363 
260128 
260133 
260193 
260193 
269382 
260137 
269448 
260184 
260188 
260132 
260132 
260186 
260195 
269410 
260149 
269472 
260193 
260189 
260129 
260130 
269500 
260177 
269354 
260127 
260132 
260193 
