» Y T 1 1
« Write OK
260392 
260186 
260195 
260133 
260131 
260191 
260187 
269424 
260479 
269485 
260548 
260198 
260134 
260147 
269416 
260548 
269365 
260504 
260138 
260184 
260560 
260126 
260046 
269447 
260194 
269392 
260138 
260132 
260183 
260552 
269792 
260148 
269477 
260171 
260545 
260186 
260446 
260588 
260417 
269371 
260140 
269217 
259981 
260189 
260127 
260135 
269452 
260191 
269392 
260509 
260138 
260180 
260183 
260129 
260127 
269468 
260184 
269423 
260128 
260125 
260187 
260200 
269363 
260134 
269418 
260185 
260187 
260132 
260113 
260192 
260184 
269382 
260118 
269456 
260187 
260189 
260131 
260126 
269467 
260190 
269415 
260125 
260124 
260187 
260190 
260129 
260128 
269421 
260195 
269371 
260128 
260132 
260181 
260184 
269382 
260120 
269441 
260189 
260185 
260126 
