» Y T 1 1
« Write OK
260190 
278813 
260131 
269462 
260190 
260180 
260123 
260138 
269475 
260192 
269419 
260139 
260508 
260568 
260195 
260140 
260125 
269412 
260184 
269393 
260136 
260118 
260194 
260182 
269378 
260136 
269457 
260153 
260180 
260128 
260124 
260178 
260198 
269410 
260498 
269489 
260029 
260036 
260118 
260130 
269344 
260054 
269364 
260099 
260463 
260522 
260501 
260444 
260423 
269740 
260336 
269386 
260486 
260492 
260552 
260531 
269756 
260116 
269460 
260186 
260184 
260121 
260118 
260542 
260538 
269777 
260118 
269408 
260191 
260174 
260146 
260114 
269434 
260165 
269363 
260112 
260139 
260190 
260179 
260121 
260116 
269464 
260169 
269753 
260467 
260565 
260649 
260685 
269873 
260542 
269797 
260798 
260704 
260624 
260637 
269868 
260414 
269793 
260538 
260160 
