» Y T 1 1
« Write OK
260306 
278364 
260129 
269492 
260191 
260190 
260141 
260131 
269421 
260186 
269375 
260133 
260144 
260191 
260496 
260506 
260130 
269464 
260550 
269405 
260139 
260131 
260199 
260202 
269437 
260139 
269495 
260004 
259993 
260125 
260130 
259986 
259999 
269353 
260111 
269414 
260173 
260183 
260116 
260037 
269433 
260156 
269364 
260108 
260106 
260162 
260162 
260110 
260462 
269658 
259990 
269436 
260129 
260136 
260564 
260546 
269640 
260127 
269420 
260354 
260353 
260132 
260128 
260208 
260214 
269394 
260487 
269830 
260359 
259994 
260127 
260137 
269480 
260546 
269418 
260129 
260143 
260190 
260184 
269353 
260134 
269786 
260180 
260192 
260135 
260141 
260186 
260186 
269383 
260131 
269465 
260548 
260198 
260485 
260130 
269478 
260195 
269412 
260132 
260133 
