» Y T 1 1
« Write OK
260326 
260145 
260142 
260197 
260199 
269419 
260140 
269488 
260196 
260196 
260130 
260129 
260203 
260208 
269368 
260132 
269420 
260187 
260200 
260141 
260138 
269438 
260181 
269392 
260134 
260129 
260202 
260202 
269408 
260132 
269458 
260191 
260182 
260122 
260127 
260191 
260543 
269791 
260139 
269500 
260200 
260032 
260140 
260135 
269637 
260400 
269346 
260091 
260508 
260302 
260479 
260101 
260137 
269450 
260186 
269422 
260130 
260131 
260189 
260196 
269426 
260470 
269834 
260528 
260172 
260479 
260465 
260524 
260527 
269713 
260478 
269786 
260539 
260548 
260129 
260492 
269444 
260542 
269772 
260486 
260492 
260192 
260193 
260146 
260124 
269489 
260179 
269704 
260479 
260118 
260183 
260190 
269374 
260138 
269436 
260191 
260559 
260131 
260135 
260204 
