» Y T 1 1
« Write OK
260438 
260450 
269999 
260681 
260672 
260494 
260532 
260561 
260612 
269367 
260133 
269255 
260376 
260209 
260520 
260151 
269460 
260213 
269768 
260164 
260518 
260554 
260544 
260488 
260149 
269862 
260574 
269436 
260134 
260491 
260190 
260202 
269360 
260136 
269422 
260189 
260189 
260136 
260138 
260197 
260197 
269468 
260128 
269822 
260200 
260559 
260503 
260143 
269461 
260110 
269419 
260122 
260134 
260185 
260187 
260138 
260142 
269433 
260024 
269382 
260130 
260140 
260038 
260057 
269392 
260137 
269667 
260448 
260585 
260500 
260435 
260372 
260198 
269419 
260134 
269487 
260188 
260189 
260129 
260136 
269423 
260198 
269366 
260136 
260139 
260208 
260189 
260136 
260137 
269441 
260191 
269395 
260124 
260133 
260202 
260191 
269418 
260134 
269483 
260190 
