» Y T 1 1
« Write OK
260198 
278352 
260135 
260131 
260186 
260190 
269394 
260139 
269464 
260152 
260187 
260130 
260128 
260188 
260197 
269431 
260135 
269484 
260002 
260004 
260124 
260135 
269236 
260013 
269380 
260128 
260129 
260194 
260205 
260159 
260157 
269468 
260206 
269414 
260495 
260481 
260355 
259976 
269419 
260127 
269506 
260188 
260182 
260132 
260126 
260192 
260174 
269362 
260134 
269434 
260195 
260191 
260138 
260140 
269452 
260188 
269392 
260137 
260135 
260190 
260184 
269413 
260134 
269482 
260198 
260192 
260137 
260134 
260193 
260196 
269370 
260132 
269434 
260179 
260194 
260132 
260131 
269450 
260203 
269400 
260145 
260141 
260188 
260193 
260130 
260139 
269476 
260188 
269432 
260135 
260131 
260196 
260197 
269370 
260133 
269426 
260193 
260198 
260141 
260133 
