» Y T 1 1
« Write OK
260194 
260193 
260133 
260034 
269430 
260196 
269380 
260135 
260132 
260187 
260190 
269391 
260126 
269458 
260189 
260352 
260127 
260490 
260343 
260200 
269470 
260138 
269489 
260189 
260185 
260141 
260134 
269428 
260148 
269364 
260122 
260123 
260179 
260189 
260133 
260136 
269458 
260183 
269396 
260115 
260117 
260002 
260360 
269419 
260130 
269287 
260184 
260179 
260128 
260141 
260199 
260215 
269388 
260195 
260135 
260463 
260462 
260505 
260474 
269464 
260175 
269729 
260109 
260107 
260524 
260526 
269747 
260468 
269821 
260523 
260526 
260472 
260121 
260530 
260539 
269707 
260472 
269554 
260320 
260172 
260112 
260121 
269432 
260183 
269380 
260126 
260124 
260190 
260189 
260130 
260137 
269480 
260191 
269426 
260134 
260138 
260189 
260190 
269363 
260144 
